21 0.62109375 0.3423611111111111 0.0921875 0.14305555555555557
20 0.5847656250000001 0.65625 0.05859375 0.15694444444444444
3 0.287890625 0.3104166666666667 0.11640625 0.12361111111111112
2 0.35078125000000004 0.38680555555555557 0.0546875 0.19861111111111113
39 0.45703125 0.4027777777777778 0.115625 0.23333333333333334
42 0.519140625 0.23750000000000002 0.06640625 0.3861111111111111
25 0.278515625 0.4486111111111111 0.19453125000000002 0.4638888888888889
16 0.503125 0.5847222222222223 0.1640625 0.16111111111111112
19 0.504296875 0.23819444444444446 0.16640625 0.15416666666666667
4 0.6375000000000001 0.5173611111111112 0.0890625 0.16527777777777777
