23 0.18697916666666667 0.6488970588235294 0.16770833333333332 0.45588235294117646
23 0.5494791666666666 0.2233455882352941 0.071875 0.37683823529411764
0 0.2515625 0.5294117647058824 0.103125 0.27941176470588236
0 0.37135416666666665 0.34650735294117646 0.12395833333333334 0.18933823529411764
16 0.48125 0.7472426470588235 0.09583333333333333 0.3069852941176471
22 0.2760416666666667 0.39797794117647056 0.16458333333333333 0.15992647058823528
14 0.29010416666666666 0.8786764705882353 0.11354166666666667 0.1801470588235294
10 0.5713541666666666 0.6130514705882353 0.11354166666666667 0.19669117647058823
10 0.5994791666666667 0.41911764705882354 0.06979166666666667 0.21691176470588236
7 0.43854166666666666 0.5983455882352942 0.07083333333333333 0.11213235294117647
45 0.41562499999999997 0.5045955882352942 0.2125 0.21875
38 0.4890625 0.28400735294117646 0.057291666666666664 0.22977941176470587
