0 0.65234375 0.621875 0.1484375 0.18541666666666667
2 0.6578125 0.5625 0.203125 0.12083333333333333
2 0.7296875 0.4895833333333333 0.096875 0.08333333333333333
2 0.43125 0.6625 0.025 0.19583333333333333
12 0.5945312500000001 0.8020833333333334 0.3171875 0.175
14 0.49765625 0.6885416666666666 0.0734375 0.14375
4 0.48359375000000004 0.56875 0.0859375 0.11666666666666667
45 0.36796875 0.44375 0.1046875 0.2583333333333333
1 0.578125 0.4270833333333333 0.125 0.17916666666666667
3 0.6937500000000001 0.3364583333333333 0.0625 0.13125
