9 0.44375000000000003 0.6145833333333334 0.153125 0.20416666666666666
9 0.47109375000000003 0.4302083333333333 0.0921875 0.14375
7 0.6609375000000001 0.584375 0.096875 0.11458333333333333
34 0.7953125000000001 0.17604166666666665 0.084375 0.3145833333333333
27 0.92109375 0.37083333333333335 0.1046875 0.20416666666666666
16 0.29765625 0.38645833333333335 0.1453125 0.11458333333333333
26 0.55625 0.284375 0.06875 0.16875
12 0.2234375 0.5875 0.31562500000000004 0.29583333333333334
33 0.30703125000000003 0.28125 0.08281250000000001 0.1375
29 0.91796875 0.525 0.1203125 0.21666666666666667
