23 0.225 0.32628676470588236 0.13333333333333333 0.38786764705882354
23 0.6958333333333333 0.4310661764705882 0.11041666666666666 0.4466911764705882
0 0.36822916666666666 0.3382352941176471 0.13854166666666667 0.20588235294117646
0 0.5859375 0.359375 0.12395833333333334 0.20036764705882354
16 0.2604166666666667 0.6663602941176471 0.11875 0.2922794117647059
22 0.4791666666666667 0.29871323529411764 0.09166666666666666 0.23345588235294118
14 0.20520833333333333 0.5441176470588235 0.08541666666666667 0.15441176470588236
10 0.44635416666666666 0.7481617647058824 0.134375 0.23529411764705882
10 0.5947916666666666 0.6608455882352942 0.08125 0.25183823529411764
7 0.4046875 0.5661764705882353 0.07604166666666666 0.1213235294117647
45 0.4848958333333333 0.4852941176470588 0.19895833333333332 0.20588235294117646
38 0.6390625 0.421875 0.03854166666666667 0.26286764705882354
