1 0.36015625 0.32708333333333334 0.11093750000000001 0.23750000000000002
23 0.6253906250000001 0.4715277777777778 0.23828125 0.11805555555555557
37 0.512109375 0.3090277777777778 0.07109375 0.2013888888888889
47 0.6585937500000001 0.33263888888888893 0.1953125 0.1763888888888889
21 0.58046875 0.68125 0.140625 0.23750000000000002
20 0.346484375 0.6652777777777779 0.07890625000000001 0.2138888888888889
17 0.45 0.4388888888888889 0.09375 0.2833333333333333
14 0.49843750000000003 0.8090277777777778 0.11406250000000001 0.16527777777777777
3 0.294140625 0.45972222222222225 0.10234375000000001 0.19722222222222224
2 0.269140625 0.6263888888888889 0.03671875 0.21666666666666667
36 0.38593750000000004 0.7861111111111111 0.19062500000000002 0.4166666666666667
34 0.6312500000000001 0.5750000000000001 0.26406250000000003 0.14444444444444446
