39 0.48203125 0.2125 0.06406250000000001 0.2625
31 0.6531250000000001 0.30625 0.07500000000000001 0.2375
19 0.41718750000000004 0.33541666666666664 0.18125000000000002 0.18333333333333332
19 0.6195312500000001 0.3208333333333333 0.18281250000000002 0.14166666666666666
18 0.67109375 0.5635416666666666 0.18906250000000002 0.27291666666666664
4 0.54140625 0.253125 0.0546875 0.08958333333333333
10 0.32421875 0.3489583333333333 0.0703125 0.08958333333333333
10 0.375 0.596875 0.12187500000000001 0.11458333333333333
47 0.55625 0.6041666666666666 0.09062500000000001 0.2833333333333333
27 0.33828125000000003 0.4302083333333333 0.1203125 0.09375
28 0.7445312500000001 0.3729166666666667 0.0859375 0.19166666666666665
