20 0.559375 0.6783088235294118 0.06875 0.19852941176470587
10 0.38229166666666664 0.25735294117647056 0.07083333333333333 0.16544117647058823
10 0.5484375 0.2233455882352941 0.10104166666666667 0.18566176470588236
21 0.33697916666666666 0.6360294117647058 0.140625 0.22794117647058823
0 0.29010416666666666 0.3676470588235294 0.17604166666666665 0.25735294117647056
1 0.47812499999999997 0.265625 0.11666666666666667 0.2261029411764706
16 0.6713541666666667 0.24816176470588236 0.06979166666666667 0.2463235294117647
7 0.5796875 0.39797794117647056 0.06979166666666667 0.12683823529411764
32 0.47604166666666664 0.4577205882352941 0.08125 0.2426470588235294
29 0.19479166666666667 0.4963235294117647 0.11041666666666666 0.23529411764705882
14 0.7260416666666667 0.4852941176470588 0.11458333333333333 0.16176470588235295
