9 0.67109375 0.6010416666666667 0.26406250000000003 0.21875
9 0.27109375 0.428125 0.1609375 0.14791666666666667
22 0.5328125 0.409375 0.17500000000000002 0.12708333333333333
22 0.40625 0.3927083333333333 0.15625 0.11458333333333333
13 0.65234375 0.29791666666666666 0.0671875 0.425
4 0.39687500000000003 0.5010416666666666 0.10625000000000001 0.13958333333333334
4 0.5632812500000001 0.6895833333333333 0.1265625 0.175
4 0.19687500000000002 0.5916666666666667 0.146875 0.19583333333333333
24 0.45234375000000004 0.6072916666666667 0.1390625 0.25625
24 0.2765625 0.659375 0.146875 0.26458333333333334
