1 0.33710937500000004 0.74375 0.12421875 0.23750000000000002
23 0.385546875 0.42083333333333334 0.08203125 0.23611111111111113
37 0.284765625 0.5909722222222222 0.14453125 0.20972222222222223
47 0.300390625 0.43194444444444446 0.14296875 0.1638888888888889
34 0.451953125 0.3888888888888889 0.07421875 0.23055555555555557
21 0.50703125 0.33958333333333335 0.08125 0.14583333333333334
20 0.559765625 0.5555555555555556 0.041406250000000006 0.12222222222222223
17 0.434375 0.5208333333333334 0.06875 0.23055555555555557
14 0.573828125 0.3875 0.05078125 0.13055555555555556
3 0.46484375 0.6368055555555556 0.06406250000000001 0.1763888888888889
2 0.52109375 0.7354166666666667 0.153125 0.19583333333333333
36 0.58984375 0.4666666666666667 0.178125 0.1388888888888889
