20 0.2526041666666667 0.39797794117647056 0.065625 0.14154411764705882
10 0.659375 0.6167279411764706 0.12291666666666666 0.23345588235294118
10 0.5130208333333334 0.8382352941176471 0.146875 0.1764705882352941
21 0.41562499999999997 0.28400735294117646 0.09791666666666667 0.18566176470588236
0 0.5822916666666667 0.35661764705882354 0.12916666666666665 0.28308823529411764
1 0.5119791666666667 0.6102941176470588 0.13854166666666667 0.3088235294117647
16 0.30833333333333335 0.8152573529411764 0.12083333333333333 0.3180147058823529
7 0.36041666666666666 0.6599264705882353 0.08125 0.13602941176470587
32 0.3854166666666667 0.42371323529411764 0.08541666666666667 0.22977941176470587
29 0.5635416666666666 0.22977941176470587 0.06666666666666667 0.16911764705882354
14 0.18489583333333334 0.6957720588235294 0.11354166666666667 0.18933823529411764
