20 0.520703125 0.8236111111111112 0.06328125 0.18888888888888888
36 0.3125 0.23055555555555557 0.0859375 0.35555555555555557
38 0.2703125 0.4222222222222222 0.07968750000000001 0.24722222222222223
34 0.415625 0.16180555555555556 0.06406250000000001 0.3236111111111111
39 0.432421875 0.29791666666666666 0.06796875000000001 0.35694444444444445
11 0.669921875 0.3944444444444445 0.08671875000000001 0.25277777777777777
37 0.44062500000000004 0.5993055555555555 0.08125 0.34861111111111115
42 0.566015625 0.33055555555555555 0.07109375 0.3861111111111111
14 0.274609375 0.6458333333333334 0.08203125 0.15
19 0.546484375 0.30347222222222225 0.16484375 0.17083333333333334
1 0.6078125000000001 0.5576388888888889 0.1234375 0.27083333333333337
