1 0.5574218750000001 0.32222222222222224 0.08046875 0.18055555555555555
23 0.42617187500000003 0.18680555555555556 0.14609375 0.14027777777777778
37 0.434375 0.31527777777777777 0.060937500000000006 0.18333333333333335
47 0.351171875 0.21597222222222223 0.17734375000000002 0.08194444444444444
34 0.45351562500000003 0.14444444444444446 0.13515625 0.09444444444444444
21 0.490234375 0.10208333333333333 0.047656250000000004 0.10138888888888889
20 0.59921875 0.16180555555555556 0.040625 0.08472222222222223
17 0.521875 0.17430555555555557 0.0421875 0.18194444444444446
14 0.534375 0.08958333333333333 0.026562500000000003 0.0763888888888889
3 0.62109375 0.25833333333333336 0.06406250000000001 0.15833333333333333
36 0.59140625 0.12222222222222223 0.1 0.09444444444444444
