28 0.10885416666666667 0.6102941176470588 0.159375 0.3529411764705882
16 0.403125 0.19025735294117646 0.08541666666666667 0.26286764705882354
14 0.5723958333333333 0.24080882352941177 0.04479166666666667 0.14705882352941177
7 0.41041666666666665 0.40441176470588236 0.075 0.11764705882352941
2 0.3223958333333333 0.3226102941176471 0.08020833333333333 0.1636029411764706
2 0.2421875 0.5395220588235294 0.078125 0.04963235294117647
33 0.22291666666666665 0.296875 0.10416666666666667 0.23713235294117646
32 0.521875 0.28768382352941174 0.08125 0.24816176470588236
43 0.2046875 0.6020220588235294 0.16145833333333334 0.24448529411764705
38 0.36875 0.8253676470588235 0.19375 0.34191176470588236
44 0.5171875 0.7408088235294118 0.18854166666666666 0.4963235294117647
46 0.66875 0.49080882352941174 0.3229166666666667 0.20588235294117646
42 0.6182291666666666 0.4430147058823529 0.09895833333333333 0.5441176470588235
