1 0.3765625 0.4166666666666667 0.09531250000000001 0.19166666666666668
23 0.46523437500000003 0.2013888888888889 0.041406250000000006 0.18055555555555555
37 0.3515625 0.31736111111111115 0.1421875 0.12361111111111112
47 0.39101562500000003 0.19097222222222224 0.10078125 0.1486111111111111
34 0.519921875 0.21458333333333335 0.03515625 0.1736111111111111
21 0.573828125 0.20347222222222222 0.06953125 0.12361111111111112
20 0.5828125000000001 0.37569444444444444 0.043750000000000004 0.12083333333333333
17 0.48046875 0.2743055555555556 0.0578125 0.18194444444444446
14 0.616796875 0.27569444444444446 0.08515625 0.1375
3 0.48046875 0.4083333333333333 0.05625 0.15
2 0.529296875 0.4986111111111111 0.14765625000000002 0.07777777777777778
36 0.6101562500000001 0.3354166666666667 0.16718750000000002 0.14305555555555557
