20 0.65625 0.3088235294117647 0.06041666666666667 0.16911764705882354
10 0.25729166666666664 0.4154411764705882 0.10833333333333334 0.20955882352941177
10 0.26979166666666665 0.6792279411764706 0.14583333333333334 0.18933823529411764
21 0.6885416666666666 0.5376838235294118 0.10625 0.22977941176470587
0 0.4630208333333333 0.6884191176470588 0.16354166666666667 0.43566176470588236
1 0.35 0.4613970588235294 0.1375 0.3125
16 0.35052083333333334 0.2150735294117647 0.09479166666666666 0.2463235294117647
7 0.44114583333333335 0.3483455882352941 0.06770833333333333 0.10477941176470588
32 0.5348958333333333 0.3897058823529412 0.08020833333333333 0.2426470588235294
29 0.6088541666666667 0.7867647058823529 0.096875 0.2647058823529412
14 0.49583333333333335 0.21323529411764705 0.07708333333333334 0.13602941176470587
