20 0.5354166666666667 0.2601102941176471 0.04791666666666666 0.15625
10 0.5140625 0.7169117647058824 0.11145833333333333 0.2536764705882353
10 0.7265625 0.7527573529411764 0.103125 0.23345588235294118
21 0.6932291666666667 0.3125 0.10104166666666667 0.1838235294117647
0 0.7901041666666666 0.4889705882352941 0.184375 0.2463235294117647
1 0.6072916666666667 0.5845588235294118 0.12291666666666666 0.3051470588235294
16 0.3911458333333333 0.5082720588235294 0.08020833333333333 0.28125
7 0.4979166666666667 0.4935661764705882 0.06458333333333333 0.13051470588235295
32 0.5994791666666667 0.3492647058823529 0.071875 0.20588235294117646
29 0.8375 0.3841911764705882 0.07916666666666666 0.16544117647058823
14 0.38229166666666664 0.3630514705882353 0.1 0.10477941176470588
