23 0.2109375 0.6259191176470588 0.15104166666666666 0.45036764705882354
23 0.5854166666666667 0.23161764705882354 0.08541666666666667 0.375
0 0.2708333333333333 0.4935661764705882 0.1 0.2775735294117647
0 0.3958333333333333 0.31893382352941174 0.12083333333333333 0.19669117647058823
16 0.5041666666666667 0.7693014705882353 0.09166666666666666 0.2959558823529412
22 0.29791666666666666 0.36672794117647056 0.16875 0.1636029411764706
14 0.30364583333333334 0.8667279411764706 0.11562499999999999 0.18933823529411764
10 0.5885416666666666 0.6369485294117647 0.11458333333333333 0.2077205882352941
10 0.6229166666666667 0.44393382352941174 0.08125 0.21875
7 0.4552083333333333 0.6011029411764706 0.07291666666666667 0.10661764705882353
45 0.4380208333333333 0.4954044117647059 0.21145833333333333 0.20036764705882354
38 0.5177083333333333 0.2766544117647059 0.05625 0.23345588235294118
