20 0.2171875 0.4264705882352941 0.07395833333333333 0.16911764705882354
10 0.6661458333333333 0.4329044117647059 0.11979166666666667 0.20036764705882354
10 0.6166666666666667 0.6525735294117647 0.13333333333333333 0.19852941176470587
21 0.35104166666666664 0.26746323529411764 0.11041666666666666 0.18566176470588236
0 0.5354166666666667 0.24724264705882354 0.09791666666666667 0.2738970588235294
1 0.5510416666666667 0.4696691176470588 0.13333333333333333 0.3069852941176471
16 0.4421875 0.7251838235294118 0.11145833333333333 0.3327205882352941
7 0.4083333333333333 0.5808823529411765 0.07291666666666667 0.09558823529411764
32 0.378125 0.3832720588235294 0.0875 0.24448529411764705
29 0.47812499999999997 0.18474264705882354 0.06458333333333333 0.19301470588235295
14 0.24375 0.7233455882352942 0.10833333333333334 0.22242647058823528
