1 0.47304687500000003 0.48125 0.09296875 0.2513888888888889
23 0.46171875 0.2125 0.12812500000000002 0.21944444444444444
37 0.376953125 0.38958333333333334 0.15234375 0.19583333333333333
47 0.35546875 0.18541666666666667 0.07968750000000001 0.37083333333333335
34 0.696875 0.19583333333333333 0.060937500000000006 0.3611111111111111
21 0.57578125 0.1736111111111111 0.07500000000000001 0.1638888888888889
20 0.6585937500000001 0.35208333333333336 0.0421875 0.13472222222222222
17 0.53359375 0.28958333333333336 0.0703125 0.2152777777777778
14 0.63046875 0.2215277777777778 0.053125000000000006 0.12083333333333333
3 0.6097656250000001 0.45833333333333337 0.09453125000000001 0.16944444444444445
2 0.534375 0.41458333333333336 0.12187500000000001 0.05416666666666667
36 0.49843750000000003 0.18333333333333335 0.08281250000000001 0.13055555555555556
