20 0.69140625 0.48194444444444445 0.06406250000000001 0.1638888888888889
36 0.23203125000000002 0.46319444444444446 0.1265625 0.4236111111111111
38 0.35703125 0.6347222222222223 0.0859375 0.2777777777777778
34 0.203515625 0.2138888888888889 0.09453125000000001 0.23333333333333334
39 0.384375 0.33055555555555555 0.078125 0.4027777777777778
11 0.491796875 0.17500000000000002 0.06796875000000001 0.23055555555555557
37 0.596875 0.4465277777777778 0.0921875 0.3402777777777778
42 0.45937500000000003 0.20625000000000002 0.059375000000000004 0.39583333333333337
14 0.49296875 0.75 0.115625 0.17222222222222222
19 0.306640625 0.30208333333333337 0.10859375 0.18194444444444446
1 0.568359375 0.30347222222222225 0.10546875 0.23194444444444445
