23 0.4125 0.19301470588235295 0.075 0.3602941176470588
23 0.6203125 0.7665441176470588 0.13854166666666667 0.4264705882352941
0 0.5416666666666666 0.33088235294117646 0.13541666666666666 0.25735294117647056
0 0.7 0.5836397058823529 0.15833333333333333 0.20404411764705882
16 0.2703125 0.4650735294117647 0.096875 0.2536764705882353
22 0.6421875 0.41268382352941174 0.08645833333333333 0.2738970588235294
14 0.3442708333333333 0.34099264705882354 0.090625 0.13051470588235295
10 0.3494791666666667 0.7058823529411764 0.121875 0.15808823529411764
10 0.45 0.8170955882352942 0.09166666666666666 0.20036764705882354
7 0.42552083333333335 0.5386029411764706 0.065625 0.1213235294117647
45 0.51875 0.578125 0.075 0.3547794117647059
