1 0.42617187500000003 0.40902777777777777 0.10234375000000001 0.24861111111111112
23 0.566015625 0.1902777777777778 0.05390625 0.225
37 0.427734375 0.27569444444444446 0.16640625 0.10138888888888889
47 0.448046875 0.11875000000000001 0.05859375 0.2263888888888889
34 0.7578125 0.3104166666666667 0.1078125 0.3736111111111111
21 0.700390625 0.2215277777777778 0.08984375 0.16527777777777777
20 0.677734375 0.44375000000000003 0.05390625 0.1513888888888889
17 0.57734375 0.2888888888888889 0.065625 0.21944444444444444
14 0.723828125 0.32222222222222224 0.06796875000000001 0.10277777777777779
3 0.580078125 0.5013888888888889 0.10390625 0.18055555555555555
2 0.51484375 0.40694444444444444 0.13125 0.09722222222222222
36 0.614453125 0.225 0.03515625 0.22777777777777777
