10 0.3296875 0.559375 0.07187500000000001 0.09375
12 0.47109375000000003 0.5416666666666666 0.0546875 0.1625
12 0.446875 0.5947916666666666 0.209375 0.12291666666666666
16 0.6023437500000001 0.459375 0.0671875 0.16458333333333333
16 0.4109375 0.4479166666666667 0.065625 0.14583333333333334
38 0.46875 0.403125 0.043750000000000004 0.12291666666666666
2 0.46328125000000003 0.32708333333333334 0.09843750000000001 0.05
2 0.5375 0.4791666666666667 0.078125 0.058333333333333334
2 0.284375 0.5083333333333333 0.053125000000000006 0.07916666666666666
2 0.2625 0.5302083333333333 0.10625000000000001 0.035416666666666666
