14 0.6468750000000001 0.41944444444444445 0.0625 0.1388888888888889
1 0.503125 0.18611111111111112 0.07968750000000001 0.18888888888888888
19 0.3359375 0.3680555555555556 0.140625 0.23055555555555557
11 0.39765625000000004 0.16944444444444445 0.05625 0.2
38 0.572265625 0.4479166666666667 0.055468750000000004 0.2152777777777778
42 0.43867187500000004 0.15972222222222224 0.04296875 0.26944444444444443
39 0.476171875 0.28541666666666665 0.06328125 0.3013888888888889
36 0.46132812500000003 0.45069444444444445 0.07578125000000001 0.30972222222222223
34 0.353515625 0.40208333333333335 0.09453125000000001 0.3041666666666667
37 0.6042968750000001 0.20902777777777778 0.06015625 0.2569444444444445
