20 0.21614583333333334 0.28768382352941174 0.06770833333333333 0.16727941176470587
10 0.6197916666666666 0.5174632352941176 0.12083333333333333 0.23345588235294118
10 0.4536458333333333 0.6920955882352942 0.15104166666666666 0.19669117647058823
21 0.38385416666666666 0.19669117647058823 0.09895833333333333 0.1801470588235294
0 0.5458333333333333 0.2665441176470588 0.15208333333333332 0.2757352941176471
1 0.4609375 0.4733455882352941 0.153125 0.2738970588235294
16 0.24010416666666667 0.6461397058823529 0.13645833333333332 0.36580882352941174
7 0.3151041666666667 0.5349264705882353 0.078125 0.14705882352941177
32 0.3442708333333333 0.3161764705882353 0.08854166666666667 0.2463235294117647
29 0.5322916666666666 0.1645220588235294 0.07291666666666667 0.15992647058823528
14 0.1171875 0.5523897058823529 0.11979166666666667 0.17830882352941177
