23 0.1703125 0.6167279411764706 0.15729166666666666 0.3180147058823529
23 0.5651041666666666 0.22426470588235295 0.071875 0.3382352941176471
0 0.23489583333333333 0.46047794117647056 0.14479166666666665 0.2849264705882353
0 0.3911458333333333 0.25919117647058826 0.109375 0.20955882352941177
16 0.40989583333333335 0.7922794117647058 0.09270833333333334 0.22794117647058823
22 0.29322916666666665 0.31893382352941174 0.15104166666666666 0.1525735294117647
14 0.253125 0.8161764705882353 0.0875 0.16544117647058823
10 0.5208333333333334 0.6433823529411765 0.09166666666666666 0.20588235294117646
10 0.5796875 0.4522058823529412 0.06145833333333333 0.20588235294117646
7 0.40572916666666664 0.5854779411764706 0.065625 0.10845588235294118
45 0.4119791666666667 0.4650735294117647 0.20520833333333333 0.1764705882352941
38 0.5 0.25 0.05416666666666667 0.21691176470588236
