20 0.3203125 0.22013888888888888 0.040625 0.1125
14 0.472265625 0.15972222222222224 0.04453125 0.09722222222222222
1 0.36054687500000004 0.33125 0.09609375 0.19861111111111113
19 0.56953125 0.4791666666666667 0.1875 0.1638888888888889
11 0.394140625 0.4486111111111111 0.08046875 0.225
38 0.55 0.14375000000000002 0.0390625 0.19305555555555556
42 0.44062500000000004 0.27083333333333337 0.0625 0.325
39 0.51796875 0.19166666666666668 0.053125000000000006 0.31666666666666665
36 0.6199218750000001 0.1513888888888889 0.05859375 0.3027777777777778
34 0.6421875 0.25277777777777777 0.07187500000000001 0.3138888888888889
37 0.38828125 0.16041666666666668 0.05625 0.25972222222222224
