28 0.540625 0.7169117647058824 0.08333333333333333 0.3161764705882353
16 0.22864583333333333 0.4108455882352941 0.096875 0.24816176470588236
14 0.2989583333333333 0.3134191176470588 0.07708333333333334 0.11948529411764705
7 0.3807291666666667 0.4788602941176471 0.06145833333333333 0.11948529411764705
2 0.30833333333333335 0.41268382352941174 0.09583333333333333 0.03860294117647059
2 0.2296875 0.6176470588235294 0.21145833333333333 0.13602941176470587
33 0.24427083333333333 0.6470588235294118 0.10520833333333333 0.2389705882352941
32 0.36614583333333334 0.3244485294117647 0.071875 0.19669117647058823
43 0.40781249999999997 0.7729779411764706 0.196875 0.3694852941176471
38 0.6432291666666666 0.5514705882352942 0.146875 0.20588235294117646
44 0.6104166666666666 0.4319852941176471 0.22291666666666665 0.13970588235294118
46 0.44687499999999997 0.31525735294117646 0.08958333333333333 0.2738970588235294
42 0.5682291666666667 0.20588235294117646 0.07604166666666666 0.35661764705882354
