15 0.25859375 0.5291666666666667 0.11093750000000001 0.2
20 0.43515625 0.4510416666666667 0.051562500000000004 0.11041666666666666
22 0.5984375000000001 0.4322916666666667 0.11875000000000001 0.11875
19 0.46875 0.38125 0.16875 0.09166666666666666
28 0.5234375 0.5479166666666666 0.15625 0.11666666666666667
10 0.64375 0.528125 0.115625 0.11041666666666666
38 0.34375 0.55 0.0625 0.15833333333333333
39 0.49921875000000004 0.48020833333333335 0.07968750000000001 0.33958333333333335
40 0.33203125 0.371875 0.17343750000000002 0.11041666666666666
2 0.35234375 0.4708333333333333 0.0921875 0.041666666666666664
