15 0.58359375 0.6197916666666666 0.2546875 0.18541666666666667
20 0.446875 0.496875 0.053125000000000006 0.11875
22 0.35000000000000003 0.4239583333333333 0.14375000000000002 0.09791666666666667
19 0.31484375000000003 0.5229166666666667 0.1796875 0.13333333333333333
28 0.5328125 0.4354166666666667 0.059375000000000004 0.13333333333333333
10 0.46875 0.39375 0.09375 0.08333333333333333
38 0.5890625 0.525 0.15000000000000002 0.08333333333333333
39 0.59921875 0.3385416666666667 0.0703125 0.2895833333333333
40 0.29921875000000003 0.6385416666666667 0.2390625 0.17708333333333334
2 0.44062500000000004 0.65 0.040625 0.17916666666666667
