20 0.6238281250000001 0.7659722222222223 0.07265625 0.1763888888888889
36 0.28046875 0.27847222222222223 0.1 0.3625
38 0.280859375 0.5020833333333333 0.08671875000000001 0.2569444444444445
34 0.35976562500000003 0.18125 0.06953125 0.3513888888888889
39 0.428515625 0.3159722222222222 0.07265625 0.3819444444444445
11 0.6410156250000001 0.28402777777777777 0.08046875 0.1902777777777778
37 0.51796875 0.5923611111111111 0.0859375 0.3458333333333333
42 0.555859375 0.2888888888888889 0.06796875000000001 0.375
14 0.32851562500000003 0.7312500000000001 0.09921875000000001 0.1513888888888889
19 0.51328125 0.2888888888888889 0.115625 0.11944444444444445
1 0.6316406250000001 0.49236111111111114 0.11328125 0.25972222222222224
