20 0.44479166666666664 0.2858455882352941 0.05 0.1488970588235294
10 0.6005208333333333 0.6847426470588235 0.13229166666666667 0.19301470588235295
10 0.7520833333333333 0.6020220588235294 0.10208333333333333 0.18198529411764705
21 0.5916666666666667 0.26838235294117646 0.07916666666666666 0.16544117647058823
0 0.73125 0.3630514705882353 0.125 0.23713235294117646
1 0.63125 0.5229779411764706 0.12916666666666665 0.2702205882352941
16 0.4427083333333333 0.5634191176470588 0.07916666666666666 0.28860294117647056
7 0.5015625 0.5036764705882353 0.06354166666666666 0.11764705882352941
32 0.5442708333333334 0.34099264705882354 0.07604166666666666 0.2113970588235294
29 0.7192708333333333 0.2766544117647059 0.065625 0.13786764705882354
14 0.3520833333333333 0.4586397058823529 0.09166666666666666 0.12683823529411764
