9 0.23593750000000002 0.33958333333333335 0.15937500000000002 0.08333333333333333
9 0.5320312500000001 0.2947916666666667 0.1546875 0.06041666666666667
16 0.6125 0.5947916666666666 0.109375 0.26875
12 0.40156250000000004 0.6052083333333333 0.28125 0.28125
34 0.42031250000000003 0.2 0.08125 0.16666666666666666
33 0.51796875 0.16875 0.060937500000000006 0.15416666666666667
7 0.2625 0.253125 0.0625 0.08541666666666667
27 0.325 0.628125 0.10625000000000001 0.24375
29 0.13046875 0.6114583333333333 0.1234375 0.21041666666666667
26 0.5789062500000001 0.390625 0.08281250000000001 0.18125
