23 0.25416666666666665 0.8244485294117647 0.14583333333333334 0.3069852941176471
23 0.4536458333333333 0.18106617647058823 0.071875 0.3290441176470588
0 0.50625 0.7867647058823529 0.15625 0.27205882352941174
0 0.521875 0.4145220588235294 0.07291666666666667 0.2775735294117647
16 0.25729166666666664 0.3014705882352941 0.09166666666666666 0.21323529411764705
22 0.5546875 0.5762867647058824 0.146875 0.20404411764705882
14 0.39427083333333335 0.2582720588235294 0.07604166666666666 0.11213235294117647
10 0.22916666666666666 0.5487132352941176 0.1125 0.18933823529411764
10 0.1890625 0.6663602941176471 0.06979166666666667 0.10477941176470588
7 0.3421875 0.484375 0.06770833333333333 0.10845588235294118
45 0.38385416666666666 0.5873161764705882 0.17395833333333333 0.31066176470588236
38 0.3494791666666667 0.8244485294117647 0.084375 0.2077205882352941
