23 0.2296875 0.5404411764705882 0.11354166666666667 0.4154411764705882
23 0.6625 0.3125 0.10208333333333333 0.34191176470588236
0 0.46197916666666666 0.8189338235294118 0.14479166666666665 0.28860294117647056
0 0.6380208333333334 0.5349264705882353 0.14270833333333333 0.23161764705882354
16 0.4708333333333333 0.28125 0.06458333333333333 0.21691176470588236
22 0.5901041666666667 0.7169117647058824 0.18229166666666666 0.25
14 0.5911458333333334 0.3676470588235294 0.06145833333333333 0.125
10 0.36822916666666666 0.4227941176470588 0.06145833333333333 0.15073529411764705
10 0.2817708333333333 0.453125 0.034375 0.1636029411764706
7 0.4661458333333333 0.4641544117647059 0.06354166666666666 0.0900735294117647
45 0.4510416666666667 0.5615808823529411 0.21875 0.14154411764705882
38 0.3104166666666667 0.6534926470588235 0.07916666666666666 0.2738970588235294
