28 0.12239583333333333 0.4485294117647059 0.12395833333333334 0.3014705882352941
16 0.48802083333333335 0.22150735294117646 0.071875 0.25183823529411764
14 0.6234375 0.33547794117647056 0.08229166666666667 0.14522058823529413
2 0.2713541666666667 0.45036764705882354 0.057291666666666664 0.07720588235294118
33 0.32916666666666666 0.2582720588235294 0.08125 0.2150735294117647
32 0.5338541666666666 0.3170955882352941 0.08229166666666667 0.17830882352941177
43 0.21979166666666666 0.4522058823529412 0.09375 0.2536764705882353
38 0.20781249999999998 0.7279411764705882 0.18854166666666666 0.23529411764705882
44 0.33489583333333334 0.7454044117647058 0.153125 0.4797794117647059
46 0.6234375 0.4724264705882353 0.303125 0.15441176470588236
42 0.4453125 0.5248161764705882 0.13229166666666667 0.5386029411764706
