31 0.62421875 0.43645833333333334 0.0671875 0.22291666666666665
31 0.42812500000000003 0.5895833333333333 0.065625 0.2125
10 0.3765625 0.265625 0.078125 0.08541666666666667
10 0.38671875 0.3364583333333333 0.045312500000000006 0.08541666666666667
45 0.43203125000000003 0.32708333333333334 0.0546875 0.20416666666666666
22 0.5476562500000001 0.37395833333333334 0.1078125 0.10625
44 0.36796875 0.453125 0.18906250000000002 0.08958333333333333
44 0.55625 0.4927083333333333 0.065625 0.15208333333333332
48 0.48515625 0.35833333333333334 0.0578125 0.225
48 0.49843750000000003 0.5541666666666667 0.07500000000000001 0.2708333333333333
