39 0.6414062500000001 0.24166666666666667 0.0703125 0.2583333333333333
31 0.65 0.43645833333333334 0.078125 0.23541666666666666
19 0.54609375 0.3 0.1328125 0.2
19 0.73984375 0.4708333333333333 0.11406250000000001 0.20833333333333334
18 0.4625 0.5979166666666667 0.20625000000000002 0.2791666666666667
4 0.7039062500000001 0.3416666666666667 0.060937500000000006 0.09583333333333333
10 0.33828125000000003 0.390625 0.06406250000000001 0.11458333333333333
10 0.49531250000000004 0.24791666666666667 0.08125 0.1
47 0.30625 0.46979166666666666 0.1 0.27708333333333335
27 0.44140625 0.2864583333333333 0.08281250000000001 0.12291666666666666
28 0.66171875 0.5760416666666667 0.0890625 0.19375
