20 0.692578125 0.3451388888888889 0.049218750000000006 0.15972222222222224
36 0.31640625 0.5458333333333334 0.11875000000000001 0.4305555555555556
38 0.48359375000000004 0.6354166666666667 0.0765625 0.28194444444444444
34 0.21992187500000002 0.3875 0.11484375000000001 0.4138888888888889
39 0.417578125 0.33611111111111114 0.07578125000000001 0.41111111111111115
37 0.628515625 0.3458333333333333 0.08203125 0.3277777777777778
42 0.44375000000000003 0.19097222222222224 0.065625 0.3763888888888889
14 0.611328125 0.6659722222222223 0.09609375 0.17916666666666667
19 0.311328125 0.3145833333333333 0.14140625 0.19305555555555556
1 0.536328125 0.24930555555555556 0.09921875000000001 0.23750000000000002
