9 0.42109375000000004 0.696875 0.1609375 0.21041666666666667
9 0.5398437500000001 0.4427083333333333 0.1859375 0.07291666666666667
7 0.8210937500000001 0.4239583333333333 0.07968750000000001 0.08958333333333333
34 0.7718750000000001 0.2604166666666667 0.08125 0.3125
27 0.90546875 0.440625 0.1015625 0.20625
16 0.22968750000000002 0.584375 0.12812500000000002 0.26458333333333334
26 0.5828125000000001 0.48020833333333335 0.08750000000000001 0.21458333333333332
12 0.29140625000000003 0.471875 0.26406250000000003 0.14791666666666667
33 0.67109375 0.6 0.1046875 0.2583333333333333
29 0.915625 0.5916666666666667 0.11875000000000001 0.225
