1 0.316015625 0.670138888888889 0.16015625 0.30694444444444446
23 0.46328125000000003 0.35625 0.059375000000000004 0.19305555555555556
37 0.30234375 0.5236111111111111 0.19843750000000002 0.1638888888888889
47 0.36796875 0.3680555555555556 0.12812500000000002 0.19722222222222224
21 0.611328125 0.37222222222222223 0.09453125000000001 0.17777777777777778
20 0.622265625 0.6048611111111112 0.06484375 0.19861111111111113
17 0.48125 0.4791666666666667 0.08281250000000001 0.2638888888888889
14 0.66953125 0.4201388888888889 0.065625 0.12361111111111112
3 0.46796875000000004 0.7083333333333334 0.09531250000000001 0.24444444444444446
2 0.5515625000000001 0.8006944444444445 0.21250000000000002 0.14583333333333334
36 0.689453125 0.5444444444444445 0.25078125 0.19166666666666668
34 0.5390625 0.3888888888888889 0.07187500000000001 0.2388888888888889
