25 0.30781250000000004 0.6375000000000001 0.2390625 0.4666666666666667
21 0.6332031250000001 0.4166666666666667 0.09609375 0.19722222222222224
39 0.478515625 0.5041666666666667 0.15234375 0.3111111111111111
16 0.551171875 0.7430555555555556 0.15234375 0.23333333333333334
19 0.49765625 0.2951388888888889 0.178125 0.18194444444444446
4 0.6765625000000001 0.6493055555555556 0.0921875 0.1736111111111111
20 0.64453125 0.8416666666666667 0.0703125 0.17500000000000002
3 0.2859375 0.41250000000000003 0.11093750000000001 0.17222222222222222
2 0.361328125 0.5013888888888889 0.05859375 0.27222222222222225
42 0.536328125 0.3472222222222222 0.07421875 0.37222222222222223
