31 0.42734375 0.4322916666666667 0.1234375 0.11041666666666666
31 0.371875 0.540625 0.07500000000000001 0.23541666666666666
10 0.6796875 0.3770833333333333 0.09375 0.10416666666666667
10 0.68359375 0.4614583333333333 0.0765625 0.08958333333333333
10 0.6742187500000001 0.5104166666666666 0.0703125 0.1
45 0.60703125 0.4510416666666667 0.06406250000000001 0.23958333333333334
22 0.5859375 0.6552083333333333 0.16875 0.17708333333333334
44 0.43593750000000003 0.5354166666666667 0.10312500000000001 0.2
48 0.52265625 0.45 0.06406250000000001 0.25
48 0.34453125 0.3697916666666667 0.0671875 0.23958333333333334
