2 0.5765625 0.609375 0.034375 0.22291666666666665
2 0.38359375 0.5885416666666666 0.1953125 0.14791666666666667
2 0.46484375 0.48125 0.051562500000000004 0.2125
28 0.434375 0.2760416666666667 0.0625 0.20208333333333334
19 0.70078125 0.515625 0.2234375 0.26458333333333334
19 0.21015625000000002 0.3541666666666667 0.1234375 0.30833333333333335
38 0.58125 0.3072916666666667 0.059375000000000004 0.19375
11 0.2859375 0.4822916666666667 0.115625 0.23124999999999998
7 0.42890625000000004 0.6677083333333333 0.0734375 0.10625
39 0.51953125 0.35 0.07968750000000001 0.3208333333333333
