1 0.27187500000000003 0.4027777777777778 0.12187500000000001 0.2388888888888889
23 0.5593750000000001 0.3375 0.17500000000000002 0.225
37 0.394140625 0.2743055555555556 0.13828125 0.18472222222222223
47 0.466796875 0.14652777777777778 0.07734375 0.29305555555555557
34 0.487890625 0.6631944444444444 0.09609375 0.3541666666666667
21 0.624609375 0.5291666666666667 0.11015625000000001 0.2
20 0.412890625 0.70625 0.06171875 0.14027777777777778
17 0.42226562500000003 0.42986111111111114 0.08828125 0.22361111111111112
14 0.57265625 0.6715277777777778 0.0921875 0.13472222222222222
3 0.32109375 0.6277777777777778 0.11406250000000001 0.19722222222222224
2 0.39101562500000003 0.5256944444444445 0.05078125 0.25416666666666665
36 0.5765625 0.4375 0.178125 0.24444444444444446
