1 0.567578125 0.2604166666666667 0.08203125 0.18194444444444446
23 0.37421875000000004 0.21319444444444446 0.16718750000000002 0.07361111111111111
37 0.46171875 0.3284722222222222 0.0921875 0.17916666666666667
47 0.331640625 0.30486111111111114 0.16171875000000002 0.18194444444444446
34 0.37578125 0.1486111111111111 0.15156250000000002 0.07777777777777778
21 0.40234375 0.1076388888888889 0.0703125 0.1125
20 0.524609375 0.12152777777777778 0.03828125 0.10972222222222222
17 0.48281250000000003 0.15 0.045312500000000006 0.18055555555555555
14 0.440234375 0.08819444444444445 0.04296875 0.10138888888888889
3 0.5796875 0.16180555555555556 0.0734375 0.10138888888888889
36 0.48750000000000004 0.08402777777777778 0.0546875 0.15972222222222224
