20 0.2598958333333333 0.5220588235294118 0.07604166666666666 0.16911764705882354
10 0.6979166666666666 0.41268382352941174 0.11666666666666667 0.18933823529411764
10 0.6947916666666667 0.6599264705882353 0.13333333333333333 0.22058823529411764
21 0.35625 0.31525735294117646 0.11041666666666666 0.18566176470588236
0 0.5489583333333333 0.26286764705882354 0.08333333333333333 0.2977941176470588
1 0.6067708333333334 0.48713235294117646 0.13020833333333334 0.29411764705882354
16 0.5567708333333333 0.7849264705882353 0.09895833333333333 0.3051470588235294
7 0.490625 0.6443014705882353 0.08541666666666667 0.12316176470588235
32 0.4197916666666667 0.42371323529411764 0.08333333333333333 0.23345588235294118
29 0.475 0.1948529411764706 0.06458333333333333 0.1838235294117647
14 0.3489583333333333 0.8391544117647058 0.10833333333333334 0.23345588235294118
