28 0.471875 0.12224264705882353 0.058333333333333334 0.19669117647058823
16 0.5947916666666666 0.5523897058823529 0.1 0.32536764705882354
14 0.4197916666666667 0.7987132352941176 0.14166666666666666 0.20404411764705882
7 0.459375 0.4880514705882353 0.07291666666666667 0.11580882352941177
2 0.5291666666666667 0.7582720588235294 0.1875 0.24448529411764705
2 0.6385416666666667 0.5330882352941176 0.21666666666666667 0.09191176470588235
2 0.5505208333333333 0.33455882352941174 0.11979166666666667 0.10294117647058823
33 0.6479166666666667 0.35110294117647056 0.07916666666666666 0.2463235294117647
32 0.38697916666666665 0.5606617647058824 0.09479166666666666 0.28308823529411764
43 0.5234375 0.2693014705882353 0.21145833333333333 0.12316176470588235
38 0.2994791666666667 0.27481617647058826 0.057291666666666664 0.15625
44 0.27291666666666664 0.375 0.14791666666666667 0.16911764705882354
46 0.19114583333333332 0.5818014705882353 0.309375 0.3400735294117647
42 0.1640625 0.3226102941176471 0.121875 0.46875
