23 0.28020833333333334 0.23161764705882354 0.10833333333333334 0.38235294117647056
23 0.5526041666666667 0.7233455882352942 0.11145833333333333 0.4724264705882353
0 0.4270833333333333 0.34191176470588236 0.14583333333333334 0.2426470588235294
0 0.6109375 0.5321691176470588 0.16145833333333334 0.2113970588235294
16 0.15260416666666665 0.5514705882352942 0.11562499999999999 0.27941176470588236
22 0.5369791666666667 0.38143382352941174 0.06770833333333333 0.2702205882352941
14 0.22239583333333332 0.4025735294117647 0.09895833333333333 0.13602941176470587
10 0.2630208333333333 0.7711397058823529 0.134375 0.19669117647058823
10 0.38177083333333334 0.8409926470588235 0.103125 0.22977941176470587
7 0.3307291666666667 0.5790441176470588 0.071875 0.12867647058823528
45 0.42916666666666664 0.5845588235294118 0.1 0.34191176470588236
