1 0.5546875 0.4881944444444445 0.096875 0.22916666666666669
23 0.31875000000000003 0.49583333333333335 0.1703125 0.18611111111111112
37 0.44179687500000003 0.6173611111111111 0.11796875000000001 0.23472222222222222
47 0.2921875 0.6416666666666667 0.1546875 0.2611111111111111
34 0.30859375 0.39861111111111114 0.1640625 0.06666666666666667
21 0.32460937500000003 0.32569444444444445 0.07578125000000001 0.14583333333333334
20 0.48085937500000003 0.2826388888888889 0.04296875 0.12083333333333333
17 0.4421875 0.36944444444444446 0.0703125 0.21944444444444444
14 0.373046875 0.2763888888888889 0.06171875 0.10555555555555556
3 0.515234375 0.3423611111111111 0.08515625 0.14305555555555557
2 0.5730468750000001 0.3597222222222222 0.08203125 0.11944444444444445
36 0.43515625 0.26180555555555557 0.045312500000000006 0.2013888888888889
