1 0.4546875 0.63125 0.1046875 0.24305555555555555
23 0.4 0.3590277777777778 0.140625 0.19583333333333333
37 0.345703125 0.5513888888888889 0.10859375 0.2138888888888889
47 0.3046875 0.4048611111111111 0.17343750000000002 0.11527777777777778
34 0.43476562500000004 0.29791666666666666 0.10390625 0.15416666666666667
21 0.4921875 0.24930555555555556 0.0703125 0.15416666666666667
20 0.598046875 0.40555555555555556 0.06015625 0.1388888888888889
17 0.47578125000000004 0.40694444444444444 0.060937500000000006 0.20833333333333334
14 0.566796875 0.26944444444444443 0.05859375 0.09444444444444444
3 0.5484375 0.4951388888888889 0.0765625 0.16805555555555557
2 0.605078125 0.5590277777777778 0.08203125 0.20416666666666666
36 0.599609375 0.31527777777777777 0.16328125000000002 0.17500000000000002
