28 0.5744791666666667 0.14246323529411764 0.06354166666666666 0.22977941176470587
16 0.4635416666666667 0.6645220588235294 0.10416666666666667 0.3327205882352941
14 0.2557291666666667 0.8069852941176471 0.13020833333333334 0.1948529411764706
7 0.42343749999999997 0.5045955882352942 0.07604166666666666 0.10477941176470588
2 0.36614583333333334 0.8198529411764706 0.051041666666666666 0.35661764705882354
2 0.6005208333333333 0.6783088235294118 0.17395833333333333 0.22058823529411764
2 0.6302083333333334 0.3952205882352941 0.20416666666666666 0.044117647058823525
33 0.646875 0.46875 0.09375 0.27205882352941174
32 0.296875 0.5579044117647058 0.10625 0.26286764705882354
43 0.603125 0.3051470588235294 0.24791666666666667 0.14705882352941177
38 0.3880208333333333 0.23345588235294118 0.10104166666666667 0.1875
44 0.309375 0.3069852941176471 0.13125 0.23161764705882354
46 0.19583333333333333 0.46875 0.30416666666666664 0.1764705882352941
42 0.20416666666666666 0.2113970588235294 0.12291666666666666 0.4007352941176471
