26 0.7039062500000001 0.49895833333333334 0.08281250000000001 0.20208333333333334
12 0.30546875 0.7666666666666666 0.3828125 0.15
29 0.584375 0.4614583333333333 0.07187500000000001 0.14791666666666667
44 0.32890625 0.39479166666666665 0.0859375 0.32708333333333334
35 0.85546875 0.3572916666666667 0.09531250000000001 0.33541666666666664
20 0.39687500000000003 0.5270833333333333 0.0625 0.13333333333333333
0 0.23593750000000002 0.6145833333333334 0.17500000000000002 0.17083333333333334
0 0.8460937500000001 0.703125 0.24531250000000002 0.24791666666666667
14 0.48671875000000003 0.48541666666666666 0.0703125 0.10416666666666667
2 0.6109375 0.6322916666666667 0.19375 0.10625
2 0.578125 0.696875 0.246875 0.09791666666666667
