28 0.5421875 0.1056985294117647 0.065625 0.2113970588235294
16 0.5432291666666667 0.5588235294117647 0.10729166666666666 0.3639705882352941
14 0.32395833333333335 0.7766544117647058 0.14375 0.22242647058823528
7 0.4505208333333333 0.47058823529411764 0.08020833333333333 0.1323529411764706
2 0.45416666666666666 0.7674632352941176 0.13125 0.3069852941176471
2 0.6776041666666667 0.5753676470588235 0.16770833333333332 0.1213235294117647
2 0.5802083333333333 0.34558823529411764 0.10208333333333333 0.0625
33 0.6734375 0.3602941176470588 0.08854166666666667 0.29044117647058826
32 0.3359375 0.5229779411764706 0.11354166666666667 0.2922794117647059
43 0.5541666666666667 0.2555147058823529 0.16875 0.125
38 0.35520833333333335 0.24540441176470587 0.08333333333333333 0.15992647058823528
44 0.296875 0.3180147058823529 0.15 0.15073529411764705
46 0.1453125 0.53125 0.28854166666666664 0.34558823529411764
42 0.1765625 0.21691176470588236 0.128125 0.40808823529411764
