1 0.38203125000000004 0.3145833333333333 0.0890625 0.1902777777777778
23 0.435546875 0.625 0.16015625 0.2833333333333333
37 0.480078125 0.40972222222222227 0.10390625 0.24166666666666667
47 0.54296875 0.5631944444444444 0.18906250000000002 0.11805555555555557
34 0.370703125 0.7034722222222223 0.13046875 0.2513888888888889
21 0.298828125 0.7402777777777778 0.10234375000000001 0.18888888888888888
20 0.23398437500000002 0.5541666666666667 0.055468750000000004 0.1277777777777778
17 0.333984375 0.46875 0.06640625 0.1875
14 0.22968750000000002 0.7479166666666667 0.05625 0.12083333333333333
3 0.284375 0.3791666666666667 0.059375000000000004 0.15555555555555556
2 0.25390625 0.4534722222222222 0.0859375 0.12361111111111112
36 0.20429687500000002 0.6680555555555556 0.20234375000000002 0.19722222222222224
