28 0.2713541666666667 0.14430147058823528 0.090625 0.2775735294117647
16 0.6645833333333333 0.30330882352941174 0.09375 0.31985294117647056
14 0.6838541666666667 0.6323529411764706 0.128125 0.2389705882352941
7 0.47812499999999997 0.42003676470588236 0.0625 0.13051470588235295
2 0.6994791666666667 0.5165441176470588 0.228125 0.09558823529411764
2 0.5734375 0.32536764705882354 0.08854166666666667 0.08823529411764705
2 0.42552083333333335 0.23805147058823528 0.057291666666666664 0.19301470588235295
33 0.5442708333333334 0.14613970588235295 0.078125 0.25183823529411764
32 0.5348958333333333 0.5073529411764706 0.10729166666666666 0.3014705882352941
43 0.36041666666666666 0.2261029411764706 0.17708333333333334 0.29411764705882354
44 0.175 0.59375 0.30833333333333335 0.3014705882352941
46 0.35572916666666665 0.7573529411764706 0.10729166666666666 0.48161764705882354
42 0.19739583333333333 0.5670955882352942 0.19895833333333332 0.5496323529411765
