1 0.42617187500000003 0.32708333333333334 0.08515625 0.1875
23 0.420703125 0.6729166666666667 0.12421875 0.31527777777777777
37 0.499609375 0.45972222222222225 0.13046875 0.19166666666666668
47 0.53125 0.4652777777777778 0.0578125 0.3138888888888889
34 0.17929687500000002 0.4965277777777778 0.10546875 0.27361111111111114
21 0.26406250000000003 0.7361111111111112 0.115625 0.2111111111111111
20 0.248828125 0.5034722222222222 0.04609375 0.13472222222222222
17 0.35273437500000004 0.4791666666666667 0.07109375 0.20555555555555557
14 0.230859375 0.6756944444444445 0.06640625 0.13194444444444445
3 0.31679687500000003 0.4152777777777778 0.09296875 0.125
2 0.386328125 0.4701388888888889 0.13828125 0.08750000000000001
36 0.366796875 0.6979166666666667 0.10234375000000001 0.2986111111111111
