0 0.5 0.603125 0.1625 0.28541666666666665
2 0.6742187500000001 0.40625 0.1796875 0.16666666666666666
2 0.6734375 0.5572916666666666 0.21875 0.12708333333333333
2 0.7140625 0.7927083333333333 0.07500000000000001 0.3645833333333333
12 0.41953125 0.8302083333333333 0.4234375 0.18541666666666667
14 0.33437500000000003 0.6677083333333333 0.146875 0.15208333333333332
4 0.34453125 0.5104166666666666 0.1078125 0.14583333333333334
45 0.209375 0.33541666666666664 0.15000000000000002 0.3416666666666667
1 0.4859375 0.34375 0.16562500000000002 0.225
3 0.6484375 0.24791666666666667 0.07187500000000001 0.175
