39 0.530859375 0.3180555555555556 0.06015625 0.38333333333333336
19 0.634375 0.6541666666666667 0.246875 0.25277777777777777
34 0.69140625 0.3506944444444445 0.08750000000000001 0.3819444444444445
3 0.6351562500000001 0.3652777777777778 0.0734375 0.13611111111111113
2 0.6082031250000001 0.43194444444444446 0.08984375 0.04722222222222222
42 0.46171875 0.42638888888888893 0.07187500000000001 0.4166666666666667
37 0.34765625 0.2888888888888889 0.078125 0.275
1 0.34296875000000004 0.5347222222222222 0.1234375 0.2555555555555556
25 0.483984375 0.22083333333333335 0.19140625 0.24722222222222223
20 0.25429687500000003 0.4118055555555556 0.05390625 0.14583333333333334
