28 0.5421875 0.3177083333333333 0.10625000000000001 0.27708333333333335
28 0.525 0.534375 0.08750000000000001 0.18541666666666667
21 0.26953125 0.22916666666666666 0.15156250000000002 0.2
21 0.2859375 0.32395833333333335 0.140625 0.13541666666666666
21 0.23828125 0.41770833333333335 0.1171875 0.19791666666666666
4 0.46328125000000003 0.73125 0.1046875 0.14583333333333334
4 0.64765625 0.465625 0.1078125 0.14791666666666667
13 0.32578125 0.41562499999999997 0.0890625 0.34375
13 0.546875 0.12291666666666666 0.040625 0.11666666666666667
13 0.41640625000000003 0.5385416666666667 0.0734375 0.34375
45 0.45390625 0.32708333333333334 0.07968750000000001 0.2125
