0 0.36953125000000003 0.37916666666666665 0.1640625 0.19583333333333333
0 0.5609375 0.17604166666666665 0.1 0.12291666666666666
14 0.67734375 0.31979166666666664 0.0578125 0.06875
2 0.46484375 0.2947916666666667 0.07968750000000001 0.07291666666666667
2 0.51015625 0.35625 0.1203125 0.07083333333333333
12 0.421875 0.16979166666666667 0.096875 0.16875
29 0.6898437500000001 0.38229166666666664 0.0734375 0.12708333333333333
26 0.58203125 0.39375 0.0921875 0.15833333333333333
20 0.6234375000000001 0.2520833333333333 0.05 0.1
35 0.703125 0.528125 0.15000000000000002 0.28541666666666665
44 0.703125 0.16979166666666667 0.1 0.23541666666666666
