4 0.63046875 0.34375 0.0921875 0.10833333333333334
4 0.58828125 0.603125 0.0921875 0.14375
47 0.49062500000000003 0.628125 0.12187500000000001 0.35625
47 0.4390625 0.37604166666666666 0.09062500000000001 0.33125
47 0.13984375000000002 0.4458333333333333 0.1640625 0.3375
11 0.37890625 0.5645833333333333 0.11093750000000001 0.2625
32 0.38671875 0.284375 0.0671875 0.16041666666666665
32 0.29921875000000003 0.40520833333333334 0.0921875 0.17291666666666666
32 0.6312500000000001 0.434375 0.078125 0.17291666666666666
34 0.5203125000000001 0.24375 0.07500000000000001 0.3
