23 0.20729166666666665 0.2582720588235294 0.1375 0.3290441176470588
23 0.58125 0.640625 0.09375 0.3290441176470588
0 0.19270833333333334 0.6599264705882353 0.15 0.2757352941176471
0 0.4192708333333333 0.7665441176470588 0.17395833333333333 0.2426470588235294
16 0.5723958333333333 0.33731617647058826 0.071875 0.2261029411764706
22 0.28489583333333335 0.7591911764705882 0.06770833333333333 0.3235294117647059
14 0.6427083333333333 0.5845588235294118 0.03958333333333333 0.09926470588235294
10 0.334375 0.2536764705882353 0.08333333333333333 0.19117647058823528
10 0.44687499999999997 0.31893382352941174 0.10416666666666667 0.16727941176470587
7 0.45 0.46691176470588236 0.06458333333333333 0.11764705882352941
45 0.3692708333333333 0.5220588235294118 0.140625 0.29411764705882354
38 0.21302083333333333 0.3998161764705882 0.09479166666666666 0.2113970588235294
