15 0.43203125000000003 0.371875 0.18906250000000002 0.08125
20 0.49921875000000004 0.4458333333333333 0.0484375 0.10833333333333334
22 0.5632812500000001 0.5875 0.1921875 0.15416666666666667
19 0.6218750000000001 0.5 0.16562500000000002 0.19583333333333333
28 0.36796875 0.5208333333333334 0.1234375 0.15833333333333333
10 0.40859375000000003 0.621875 0.1171875 0.13541666666666666
38 0.39375000000000004 0.41770833333333335 0.11875000000000001 0.07291666666666667
39 0.30312500000000003 0.39479166666666665 0.078125 0.30625
40 0.6414062500000001 0.40208333333333335 0.1703125 0.13333333333333333
2 0.5453125 0.4083333333333333 0.043750000000000004 0.08333333333333333
