1 0.275390625 0.6173611111111111 0.12578125 0.2263888888888889
23 0.45703125 0.35694444444444445 0.08281250000000001 0.2611111111111111
37 0.303515625 0.45069444444444445 0.15234375 0.11805555555555557
47 0.37539062500000003 0.3145833333333333 0.08984375 0.23194444444444445
34 0.5078125 0.3805555555555556 0.078125 0.2777777777777778
21 0.5730468750000001 0.39513888888888893 0.057031250000000006 0.1875
20 0.515234375 0.6534722222222222 0.04609375 0.14305555555555557
17 0.423828125 0.48055555555555557 0.07421875 0.17777777777777778
14 0.607421875 0.48680555555555555 0.05390625 0.1513888888888889
3 0.39687500000000003 0.6423611111111112 0.1015625 0.19305555555555556
2 0.4265625 0.7875 0.1703125 0.061111111111111116
36 0.582421875 0.5944444444444444 0.17109375000000002 0.19166666666666668
