28 0.3598958333333333 0.8060661764705882 0.146875 0.3841911764705882
16 0.22083333333333333 0.40625 0.11666666666666667 0.25735294117647056
14 0.3265625 0.33455882352941174 0.04895833333333333 0.11029411764705882
7 0.3541666666666667 0.5064338235294118 0.07291666666666667 0.13051470588235295
2 0.3130208333333333 0.41360294117647056 0.11770833333333333 0.0625
2 0.23958333333333334 0.5992647058823529 0.10833333333333334 0.06985294117647059
33 0.14427083333333332 0.6387867647058824 0.12604166666666666 0.26286764705882354
32 0.3770833333333333 0.3400735294117647 0.08125 0.21691176470588236
43 0.2796875 0.8106617647058824 0.32395833333333335 0.3602941176470588
38 0.6072916666666667 0.6443014705882353 0.15 0.2849264705882353
44 0.6213541666666667 0.49080882352941174 0.28020833333333334 0.14705882352941177
46 0.45468749999999997 0.3272058823529412 0.09895833333333333 0.2867647058823529
42 0.5921875 0.21599264705882354 0.090625 0.42463235294117646
