23 0.2734375 0.6727941176470588 0.15104166666666666 0.5073529411764706
23 0.5307291666666667 0.21599264705882354 0.071875 0.37683823529411764
0 0.346875 0.3841911764705882 0.14166666666666666 0.1838235294117647
0 0.2140625 0.6516544117647058 0.059375 0.2150735294117647
16 0.5890625 0.6884191176470588 0.090625 0.3180147058823529
22 0.26927083333333335 0.44485294117647056 0.16979166666666667 0.17279411764705882
14 0.3963541666666667 0.8851102941176471 0.12604166666666666 0.18198529411764705
10 0.615625 0.5625 0.12708333333333333 0.1838235294117647
10 0.6083333333333333 0.3851102941176471 0.075 0.2077205882352941
7 0.48385416666666664 0.5873161764705882 0.07604166666666666 0.11948529411764705
45 0.43385416666666665 0.5101102941176471 0.190625 0.23713235294117646
38 0.47031249999999997 0.2913602941176471 0.05520833333333333 0.24080882352941177
