23 0.453125 0.17003676470588236 0.07083333333333333 0.3400735294117647
23 0.5848958333333333 0.7270220588235294 0.134375 0.4172794117647059
0 0.31145833333333334 0.42371323529411764 0.12708333333333333 0.17830882352941177
0 0.42291666666666666 0.6893382352941176 0.15208333333333332 0.3492647058823529
16 0.7171875 0.5431985294117647 0.10520833333333333 0.24448529411764705
22 0.3182291666666667 0.5597426470588235 0.13229166666666667 0.2702205882352941
14 0.6588541666666666 0.796875 0.103125 0.16727941176470587
10 0.5526041666666667 0.2867647058823529 0.065625 0.17279411764705882
10 0.6223958333333334 0.4319852941176471 0.10104166666666667 0.125
7 0.5598958333333334 0.5248161764705882 0.06354166666666666 0.10845588235294118
45 0.47291666666666665 0.49172794117647056 0.06875 0.30330882352941174
38 0.40625 0.2647058823529412 0.05 0.23161764705882354
