39 0.380859375 0.36458333333333337 0.08046875 0.3875
19 0.5390625 0.38680555555555557 0.1875 0.2013888888888889
34 0.40390625 0.21180555555555555 0.0765625 0.3541666666666667
3 0.2984375 0.3666666666666667 0.0921875 0.16111111111111112
2 0.3359375 0.4652777777777778 0.0390625 0.1388888888888889
42 0.5105468750000001 0.37986111111111115 0.07109375 0.3236111111111111
37 0.323828125 0.6951388888888889 0.11328125 0.3541666666666667
1 0.530859375 0.6729166666666667 0.12890625 0.29583333333333334
25 0.18359375 0.5222222222222223 0.1453125 0.5222222222222223
20 0.37617187500000004 0.93125 0.07421875 0.13472222222222222
