23 0.19895833333333332 0.40900735294117646 0.10625 0.4099264705882353
23 0.696875 0.3676470588235294 0.10833333333333334 0.3786764705882353
0 0.35260416666666666 0.765625 0.14270833333333333 0.2849264705882353
0 0.6098958333333333 0.6047794117647058 0.16979166666666667 0.2647058823529412
16 0.5317708333333333 0.26378676470588236 0.06979166666666667 0.2261029411764706
22 0.503125 0.7325367647058824 0.16041666666666665 0.30330882352941174
14 0.634375 0.3998161764705882 0.04375 0.13419117647058823
10 0.29583333333333334 0.3713235294117647 0.06875 0.19852941176470587
10 0.40520833333333334 0.3639705882352941 0.07708333333333334 0.15073529411764705
7 0.4796875 0.43566176470588236 0.06770833333333333 0.09191176470588235
45 0.43072916666666666 0.5367647058823529 0.221875 0.15808823529411764
38 0.259375 0.5395220588235294 0.08541666666666667 0.2665441176470588
