20 0.45 0.20496323529411764 0.052083333333333336 0.11213235294117647
10 0.25625 0.7371323529411764 0.09166666666666666 0.26838235294117646
10 0.4791666666666667 0.8373161764705882 0.15208333333333332 0.29963235294117646
21 0.6057291666666667 0.3115808823529412 0.11354166666666667 0.2077205882352941
0 0.621875 0.5606617647058824 0.18958333333333333 0.2977941176470588
1 0.3875 0.6121323529411765 0.15 0.31985294117647056
16 0.1859375 0.4770220588235294 0.12604166666666666 0.28860294117647056
7 0.3286458333333333 0.46047794117647056 0.07395833333333333 0.10845588235294118
32 0.459375 0.3492647058823529 0.07916666666666666 0.23161764705882354
29 0.7270833333333333 0.46691176470588236 0.08333333333333333 0.2426470588235294
14 0.2640625 0.3363970588235294 0.103125 0.14338235294117646
