20 0.23750000000000002 0.6493055555555556 0.07187500000000001 0.18194444444444446
36 0.5007812500000001 0.11666666666666667 0.065625 0.23055555555555557
38 0.393359375 0.2520833333333333 0.05859375 0.22916666666666669
34 0.6121093750000001 0.22291666666666668 0.07734375 0.3597222222222222
39 0.48984375 0.2972222222222222 0.0671875 0.37222222222222223
11 0.61640625 0.6854166666666667 0.115625 0.29305555555555557
37 0.303515625 0.4354166666666667 0.08671875000000001 0.3402777777777778
42 0.5339843750000001 0.43819444444444444 0.07421875 0.41250000000000003
19 0.6648437500000001 0.5097222222222222 0.146875 0.23333333333333334
1 0.44570312500000003 0.6576388888888889 0.13515625 0.3041666666666667
