0 0.86875 0.47291666666666665 0.18125000000000002 0.2583333333333333
4 0.4859375 0.5145833333333333 0.1125 0.15833333333333333
26 0.2 0.459375 0.15625 0.13125
29 0.6859375000000001 0.43645833333333334 0.09375 0.18541666666666667
47 0.7703125000000001 0.24895833333333334 0.084375 0.38125
7 0.41171875 0.36041666666666666 0.0578125 0.07916666666666666
16 0.2828125 0.3572916666666667 0.096875 0.20208333333333334
31 0.27734375 0.18125 0.0703125 0.1625
13 0.61640625 0.22395833333333334 0.0578125 0.3645833333333333
6 0.7609375 0.2864583333333333 0.21875 0.20625
