23 0.17135416666666667 0.45496323529411764 0.13645833333333332 0.3363970588235294
23 0.6260416666666666 0.2913602941176471 0.10208333333333333 0.3400735294117647
0 0.271875 0.35110294117647056 0.15416666666666667 0.2610294117647059
0 0.46249999999999997 0.24080882352941177 0.0875 0.19117647058823528
16 0.3541666666666667 0.7582720588235294 0.09166666666666666 0.22977941176470587
22 0.3572916666666667 0.24448529411764705 0.12916666666666665 0.19852941176470587
14 0.21562499999999998 0.6829044117647058 0.07708333333333334 0.16727941176470587
10 0.5010416666666666 0.6819852941176471 0.06875 0.19852941176470587
10 0.5963541666666666 0.5284926470588235 0.06145833333333333 0.19669117647058823
7 0.4036458333333333 0.5588235294117647 0.06979166666666667 0.10661764705882353
45 0.43697916666666664 0.43566176470588236 0.209375 0.12867647058823528
38 0.5645833333333333 0.29044117647058826 0.06041666666666667 0.21691176470588236
