20 0.30000000000000004 0.2881944444444445 0.046875 0.13194444444444445
14 0.413671875 0.15555555555555556 0.049218750000000006 0.09444444444444444
1 0.41640625000000003 0.3548611111111111 0.09062500000000001 0.2125
19 0.6296875000000001 0.3770833333333333 0.15937500000000002 0.16805555555555557
11 0.515625 0.425 0.078125 0.23611111111111113
38 0.48281250000000003 0.10902777777777778 0.040625 0.18194444444444446
42 0.503125 0.23402777777777778 0.05625 0.3125
39 0.523828125 0.15416666666666667 0.04296875 0.3055555555555556
36 0.57265625 0.11111111111111112 0.053125000000000006 0.21944444444444444
34 0.63671875 0.15208333333333335 0.07187500000000001 0.3013888888888889
37 0.3671875 0.17708333333333334 0.05625 0.2569444444444445
