23 0.234375 0.29963235294117646 0.1125 0.3713235294117647
23 0.6953125 0.5376838235294118 0.13229166666666667 0.42463235294117646
0 0.2578125 0.7123161764705882 0.171875 0.2849264705882353
0 0.5390625 0.7288602941176471 0.17395833333333333 0.24448529411764705
16 0.6041666666666666 0.3391544117647059 0.07916666666666666 0.23345588235294118
22 0.39375 0.765625 0.1 0.3547794117647059
10 0.35104166666666664 0.3235294117647059 0.075 0.19852941176470587
10 0.465625 0.375 0.1 0.15441176470588236
7 0.4979166666666667 0.48713235294117646 0.06666666666666667 0.11029411764705882
45 0.4244791666666667 0.5404411764705882 0.184375 0.23161764705882354
38 0.24895833333333334 0.4540441176470588 0.08333333333333333 0.25735294117647056
