28 0.11562499999999999 0.4071691176470588 0.13125 0.30330882352941174
16 0.4630208333333333 0.1213235294117647 0.07395833333333333 0.20588235294117646
14 0.603125 0.2426470588235294 0.08541666666666667 0.14338235294117646
7 0.41562499999999997 0.33731617647058826 0.06458333333333333 0.10845588235294118
2 0.25104166666666666 0.390625 0.075 0.07904411764705882
2 0.3875 0.234375 0.025 0.15625
33 0.2973958333333333 0.18566176470588236 0.08645833333333333 0.21323529411764705
32 0.525 0.26838235294117646 0.08333333333333333 0.2389705882352941
43 0.1953125 0.4071691176470588 0.12395833333333334 0.2702205882352941
38 0.24895833333333334 0.6801470588235294 0.18958333333333333 0.2463235294117647
44 0.3880208333333333 0.6764705882352942 0.10104166666666667 0.46691176470588236
46 0.6505208333333333 0.49080882352941174 0.23229166666666667 0.15808823529411764
42 0.49374999999999997 0.4485294117647059 0.11041666666666666 0.5073529411764706
