23 0.2911458333333333 0.21231617647058823 0.11354166666666667 0.3915441176470588
23 0.5276041666666667 0.6544117647058824 0.11354166666666667 0.5330882352941176
0 0.17395833333333333 0.5533088235294118 0.14166666666666666 0.2389705882352941
0 0.340625 0.7481617647058824 0.20625 0.3676470588235294
16 0.6364583333333333 0.4319852941176471 0.08541666666666667 0.2867647058823529
22 0.2015625 0.6737132352941176 0.14479166666666665 0.3363970588235294
14 0.6322916666666667 0.7086397058823529 0.10625 0.19301470588235295
10 0.421875 0.29044117647058826 0.07708333333333334 0.19852941176470587
10 0.5203125 0.3805147058823529 0.10729166666666666 0.09926470588235294
7 0.4583333333333333 0.5119485294117647 0.03958333333333333 0.12683823529411764
45 0.3802083333333333 0.5147058823529411 0.08541666666666667 0.29044117647058826
38 0.26510416666666664 0.3363970588235294 0.08645833333333333 0.25735294117647056
