0 0.5265625 0.646875 0.19375 0.24791666666666667
2 0.7679687500000001 0.5416666666666666 0.2265625 0.07083333333333333
2 0.7109375 0.6791666666666667 0.18125000000000002 0.2375
2 0.67890625 0.86875 0.0703125 0.2583333333333333
12 0.38828125 0.8052083333333333 0.3828125 0.3145833333333333
14 0.37109375 0.603125 0.11093750000000001 0.16041666666666665
4 0.43125 0.4739583333333333 0.10625000000000001 0.13958333333333334
45 0.36250000000000004 0.253125 0.09375 0.32708333333333334
1 0.60703125 0.39479166666666665 0.1703125 0.21041666666666667
3 0.7671875 0.3833333333333333 0.14375000000000002 0.17916666666666667
