20 0.7135416666666666 0.453125 0.052083333333333336 0.17095588235294118
14 0.6645833333333333 0.28400735294117646 0.06458333333333333 0.13419117647058823
10 0.31666666666666665 0.4172794117647059 0.08958333333333333 0.15441176470588236
10 0.41770833333333335 0.25735294117647056 0.09375 0.10661764705882353
0 0.3703125 0.515625 0.16354166666666667 0.3327205882352941
1 0.4276041666666667 0.32996323529411764 0.10729166666666666 0.22977941176470587
7 0.5380208333333333 0.3318014705882353 0.04895833333333333 0.08272058823529412
32 0.5635416666666666 0.4016544117647059 0.07708333333333334 0.23713235294117646
29 0.41041666666666665 0.6691176470588235 0.08958333333333333 0.2463235294117647
16 0.5354166666666667 0.17279411764705882 0.06041666666666667 0.22426470588235295
21 0.5828125 0.6066176470588235 0.13229166666666667 0.23529411764705882
