1 0.39453125 0.6805555555555556 0.140625 0.2777777777777778
23 0.47968750000000004 0.2965277777777778 0.1015625 0.2847222222222222
37 0.35390625000000003 0.49722222222222223 0.1703125 0.20277777777777778
47 0.3296875 0.2513888888888889 0.11406250000000001 0.3472222222222222
34 0.740234375 0.36388888888888893 0.08046875 0.375
21 0.628515625 0.2576388888888889 0.10234375000000001 0.1902777777777778
20 0.6703125000000001 0.5541666666666667 0.06406250000000001 0.16666666666666669
17 0.5281250000000001 0.44097222222222227 0.07187500000000001 0.21805555555555556
14 0.6804687500000001 0.3513888888888889 0.051562500000000004 0.13055555555555556
3 0.5789062500000001 0.6805555555555556 0.1234375 0.21666666666666667
2 0.5078125 0.5930555555555556 0.15156250000000002 0.044444444444444446
36 0.5437500000000001 0.2986111111111111 0.09531250000000001 0.2888888888888889
