0 0.44375000000000003 0.55 0.2 0.25
2 0.634375 0.5916666666666667 0.15625 0.20833333333333334
2 0.7171875000000001 0.4666666666666667 0.23750000000000002 0.08333333333333333
2 0.55234375 0.8052083333333333 0.1421875 0.3229166666666667
12 0.30000000000000004 0.7052083333333333 0.34375 0.26875
14 0.30859375 0.5333333333333333 0.09531250000000001 0.15416666666666667
4 0.384375 0.4166666666666667 0.1 0.12916666666666665
45 0.328125 0.22291666666666665 0.1125 0.31666666666666665
1 0.5593750000000001 0.3375 0.1625 0.2125
3 0.7203125 0.315625 0.14375000000000002 0.18541666666666667
