39 0.546484375 0.3909722222222222 0.06953125 0.39861111111111114
19 0.53125 0.7986111111111112 0.25625000000000003 0.2916666666666667
34 0.68671875 0.5347222222222222 0.11093750000000001 0.4166666666666667
3 0.7230468750000001 0.5430555555555556 0.08203125 0.17500000000000002
2 0.6121093750000001 0.5277777777777778 0.07890625000000001 0.10833333333333334
42 0.412109375 0.4486111111111111 0.07265625 0.4166666666666667
37 0.416796875 0.2652777777777778 0.06640625 0.2555555555555556
1 0.32421875 0.48194444444444445 0.115625 0.25277777777777777
25 0.5953125 0.2833333333333333 0.19687500000000002 0.30833333333333335
20 0.330859375 0.3138888888888889 0.04453125 0.1
