47 0.41796875 0.15520833333333334 0.06406250000000001 0.14375
46 0.5875 0.22083333333333333 0.05625 0.3333333333333333
40 0.30000000000000004 0.284375 0.06875 0.31875
43 0.36484375 0.33229166666666665 0.0859375 0.35625
41 0.22734375 0.43854166666666666 0.1390625 0.40625
41 0.4421875 0.38958333333333334 0.09375 0.39166666666666666
42 0.5398437500000001 0.27291666666666664 0.0703125 0.26666666666666666
45 0.68359375 0.38125 0.0921875 0.35
48 0.5234375 0.46770833333333334 0.1 0.43124999999999997
48 0.66328125 0.2864583333333333 0.0734375 0.36041666666666666
