1 0.5453125 0.40902777777777777 0.0859375 0.2125
23 0.31953125000000004 0.61875 0.1703125 0.30694444444444446
37 0.50234375 0.6083333333333334 0.171875 0.15
47 0.36484375 0.7590277777777779 0.0546875 0.3736111111111111
34 0.27382812500000003 0.5708333333333333 0.15078125 0.26944444444444443
21 0.24765625000000002 0.49097222222222225 0.078125 0.13472222222222222
20 0.37421875000000004 0.3111111111111111 0.0421875 0.09722222222222222
17 0.396484375 0.4076388888888889 0.07421875 0.2013888888888889
14 0.273046875 0.4041666666666667 0.06796875000000001 0.11944444444444445
3 0.4421875 0.3423611111111111 0.07500000000000001 0.15416666666666667
2 0.49335937500000004 0.33958333333333335 0.10703125000000001 0.09027777777777778
36 0.31875000000000003 0.36041666666666666 0.11406250000000001 0.20694444444444446
