20 0.603125 0.34305555555555556 0.0390625 0.125
14 0.49335937500000004 0.5743055555555556 0.08203125 0.13472222222222222
1 0.49296875 0.2534722222222222 0.078125 0.1875
19 0.30078125 0.3013888888888889 0.0890625 0.16944444444444445
38 0.3875 0.5319444444444444 0.06875 0.2111111111111111
42 0.41015625 0.20694444444444446 0.06406250000000001 0.3
39 0.376953125 0.30694444444444446 0.07578125000000001 0.2916666666666667
36 0.28203125 0.4527777777777778 0.09843750000000001 0.3111111111111111
34 0.22226562500000002 0.34444444444444444 0.06796875000000001 0.30833333333333335
37 0.53359375 0.3402777777777778 0.0625 0.25833333333333336
