0 0.48046875 0.5614583333333333 0.1390625 0.15208333333333332
45 0.4078125 0.29583333333333334 0.08125 0.23333333333333334
1 0.571875 0.39479166666666665 0.11875000000000001 0.16041666666666665
3 0.7195312500000001 0.38645833333333335 0.0859375 0.13958333333333334
12 0.359375 0.6541666666666667 0.225 0.22083333333333333
14 0.371875 0.534375 0.07500000000000001 0.11458333333333333
2 0.35625 0.5041666666666667 0.09375 0.09166666666666666
2 0.48984375 0.51875 0.18906250000000002 0.05416666666666667
2 0.64609375 0.5302083333333333 0.1328125 0.03125
4 0.4390625 0.44479166666666664 0.07187500000000001 0.08958333333333333
