28 0.5390625 0.15208333333333332 0.08125 0.2583333333333333
28 0.5328125 0.3697916666666667 0.065625 0.18958333333333333
21 0.3875 0.6604166666666667 0.17500000000000002 0.25
21 0.215625 0.51875 0.2 0.2583333333333333
21 0.240625 0.6322916666666667 0.178125 0.23124999999999998
4 0.45625000000000004 0.29791666666666666 0.09062500000000001 0.13333333333333333
4 0.67890625 0.45208333333333334 0.08281250000000001 0.12083333333333333
13 0.2859375 0.24791666666666667 0.08750000000000001 0.30833333333333335
13 0.48750000000000004 0.4614583333333333 0.065625 0.34375
13 0.6117187500000001 0.3729166666666667 0.0765625 0.35
