25 0.265625 0.275 0.17500000000000002 0.4416666666666667
21 0.58046875 0.6340277777777779 0.1125 0.22361111111111112
39 0.41875 0.45625000000000004 0.1078125 0.25972222222222224
16 0.296875 0.6222222222222222 0.15000000000000002 0.23611111111111113
19 0.6277343750000001 0.40694444444444444 0.15234375 0.27222222222222225
4 0.40351562500000004 0.7659722222222223 0.09140625000000001 0.1902777777777778
3 0.444921875 0.21458333333333335 0.09921875000000001 0.1486111111111111
2 0.42226562500000003 0.33611111111111114 0.11015625000000001 0.13611111111111113
20 0.25820312500000003 0.7625000000000001 0.07890625000000001 0.17777777777777778
42 0.48984375 0.37569444444444444 0.0703125 0.3875
