23 0.20052083333333334 0.30974264705882354 0.13020833333333334 0.3400735294117647
23 0.6619791666666667 0.4733455882352941 0.11979166666666667 0.35110294117647056
0 0.3421875 0.28125 0.140625 0.19852941176470587
0 0.5536458333333333 0.3069852941176471 0.11979166666666667 0.23161764705882354
16 0.259375 0.6994485294117647 0.10416666666666667 0.22977941176470587
22 0.45208333333333334 0.24080882352941177 0.08958333333333333 0.25735294117647056
14 0.19322916666666667 0.5294117647058824 0.08229166666666667 0.16544117647058823
10 0.4296875 0.7527573529411764 0.11770833333333333 0.23345588235294118
10 0.5635416666666666 0.6865808823529411 0.07916666666666666 0.2113970588235294
7 0.38645833333333335 0.5625 0.07291666666666667 0.125
45 0.46041666666666664 0.4696691176470588 0.19375 0.23345588235294118
38 0.6109375 0.42463235294117646 0.059375 0.22058823529411764
