2 0.434375 0.346875 0.1 0.07291666666666667
2 0.41171875 0.48854166666666665 0.1546875 0.13541666666666666
2 0.48671875000000003 0.471875 0.1296875 0.03125
28 0.30625 0.565625 0.09375 0.23124999999999998
19 0.58984375 0.6072916666666667 0.15156250000000002 0.3520833333333333
19 0.2828125 0.353125 0.134375 0.16458333333333333
38 0.21250000000000002 0.453125 0.096875 0.20625
11 0.5828125000000001 0.4864583333333333 0.096875 0.22291666666666665
7 0.54296875 0.3677083333333333 0.0671875 0.08958333333333333
39 0.353125 0.35 0.08750000000000001 0.325
