10 0.4765625 0.3375 0.053125000000000006 0.0875
10 0.5484375 0.6114583333333333 0.06875 0.13125
10 0.5320312500000001 0.709375 0.0765625 0.08125
12 0.51875 0.37395833333333334 0.17500000000000002 0.05625
12 0.60078125 0.4479166666666667 0.1796875 0.12083333333333333
28 0.6335937500000001 0.5114583333333333 0.060937500000000006 0.18125
28 0.56640625 0.5489583333333333 0.1015625 0.15208333333333332
28 0.48046875 0.53125 0.060937500000000006 0.17916666666666667
44 0.3140625 0.45729166666666665 0.07187500000000001 0.24375
44 0.46953125 0.43645833333333334 0.1765625 0.10625
