23 0.4515625 0.16727941176470587 0.08854166666666667 0.33088235294117646
23 0.3677083333333333 0.8538602941176471 0.13541666666666666 0.28860294117647056
0 0.5984375 0.7371323529411764 0.15520833333333334 0.25735294117647056
0 0.5494791666666666 0.36580882352941174 0.10104166666666667 0.2867647058823529
16 0.26666666666666666 0.3584558823529412 0.10208333333333333 0.22426470588235295
22 0.6119791666666666 0.5036764705882353 0.140625 0.2463235294117647
14 0.3921875 0.2702205882352941 0.084375 0.125
10 0.271875 0.6148897058823529 0.125 0.17830882352941177
10 0.2682291666666667 0.7784926470588235 0.08020833333333333 0.17095588235294118
7 0.38125 0.5073529411764706 0.06666666666666667 0.11397058823529412
45 0.44687499999999997 0.5974264705882353 0.13125 0.3492647058823529
38 0.45468749999999997 0.8308823529411764 0.084375 0.21691176470588236
