0 0.5085937500000001 0.5770833333333333 0.1953125 0.2125
2 0.521875 0.5208333333333334 0.30000000000000004 0.06666666666666667
2 0.2515625 0.53125 0.115625 0.23333333333333334
2 0.675 0.46041666666666664 0.153125 0.058333333333333334
12 0.36250000000000004 0.784375 0.415625 0.23541666666666666
14 0.30781250000000004 0.596875 0.1125 0.18541666666666667
4 0.35000000000000003 0.43854166666666666 0.10625000000000001 0.14375
45 0.24453125 0.23020833333333332 0.1203125 0.34791666666666665
1 0.5109375 0.3177083333333333 0.171875 0.23958333333333334
3 0.6921875000000001 0.25625 0.07187500000000001 0.18333333333333332
