28 0.18177083333333333 0.8060661764705882 0.16145833333333334 0.36580882352941174
16 0.29791666666666666 0.3382352941176471 0.1 0.2426470588235294
7 0.36822916666666666 0.4954044117647059 0.071875 0.12316176470588235
2 0.24895833333333334 0.5082720588235294 0.11875 0.0900735294117647
2 0.38385416666666666 0.3704044117647059 0.078125 0.14154411764705882
33 0.15416666666666667 0.5193014705882353 0.1125 0.23345588235294118
32 0.43697916666666664 0.3446691176470588 0.07604166666666666 0.2261029411764706
43 0.1890625 0.7527573529411764 0.303125 0.16727941176470587
38 0.4791666666666667 0.8198529411764706 0.10208333333333333 0.3492647058823529
44 0.5822916666666667 0.6516544117647058 0.2708333333333333 0.2775735294117647
46 0.5036458333333333 0.39797794117647056 0.13020833333333334 0.22977941176470587
42 0.6109375 0.3648897058823529 0.09479166666666666 0.49080882352941174
