25 0.57421875 0.6520833333333333 0.2390625 0.4652777777777778
21 0.405859375 0.2833333333333333 0.07421875 0.17222222222222222
39 0.44609375 0.48333333333333334 0.22031250000000002 0.18333333333333335
16 0.6117187500000001 0.4222222222222222 0.08281250000000001 0.2138888888888889
19 0.261328125 0.4326388888888889 0.22109375 0.3041666666666667
4 0.564453125 0.27361111111111114 0.06796875000000001 0.1277777777777778
20 0.6628906250000001 0.3472222222222222 0.049218750000000006 0.14722222222222223
3 0.323046875 0.7868055555555555 0.13828125 0.24305555555555555
2 0.41875 0.6715277777777778 0.1609375 0.09583333333333334
42 0.43007812500000003 0.2673611111111111 0.06328125 0.34861111111111115
