20 0.5651041666666666 0.7665441176470588 0.06979166666666667 0.1875
10 0.4328125 0.2977941176470588 0.08020833333333333 0.15073529411764705
10 0.5885416666666666 0.3115808823529412 0.09583333333333333 0.17830882352941177
21 0.35885416666666664 0.6636029411764706 0.134375 0.2389705882352941
0 0.33229166666666665 0.390625 0.15 0.23345588235294118
1 0.5161458333333333 0.3483455882352941 0.10729166666666666 0.25183823529411764
16 0.6979166666666666 0.3648897058823529 0.09375 0.25183823529411764
7 0.6052083333333333 0.4889705882352941 0.07083333333333333 0.125
32 0.5020833333333333 0.5257352941176471 0.07916666666666666 0.2389705882352941
29 0.23906249999999998 0.5 0.08645833333333333 0.20588235294117646
14 0.7364583333333333 0.6112132352941176 0.11458333333333333 0.15625
