13 0.34765625 0.3833333333333333 0.0546875 0.25
13 0.44765625000000003 0.42083333333333334 0.15781250000000002 0.06666666666666667
13 0.5875 0.3416666666666667 0.043750000000000004 0.24583333333333332
22 0.4625 0.334375 0.12812500000000002 0.09375
22 0.4578125 0.396875 0.08125 0.04375
28 0.5609375 0.49166666666666664 0.05625 0.175
28 0.49843750000000003 0.484375 0.08125 0.10208333333333333
30 0.43046875 0.5822916666666667 0.051562500000000004 0.17291666666666666
30 0.41796875 0.55625 0.1296875 0.1
30 0.39765625000000004 0.515625 0.1203125 0.11875
