23 0.3072916666666667 0.7270220588235294 0.13125 0.4650735294117647
23 0.4927083333333333 0.18106617647058823 0.06875 0.36213235294117646
0 0.3052083333333333 0.3584558823529412 0.14375 0.20220588235294118
0 0.24791666666666667 0.6185661764705882 0.11458333333333333 0.3400735294117647
16 0.6 0.6838235294117647 0.09791666666666667 0.28308823529411764
22 0.23645833333333333 0.45588235294117646 0.16666666666666666 0.20955882352941177
14 0.4270833333333333 0.9090073529411764 0.12708333333333333 0.17830882352941177
10 0.5729166666666666 0.3474264705882353 0.07708333333333334 0.1948529411764706
10 0.5916666666666667 0.5082720588235294 0.12291666666666666 0.11948529411764705
7 0.4739583333333333 0.5744485294117647 0.075 0.11580882352941177
45 0.42135416666666664 0.4963235294117647 0.15104166666666666 0.26838235294117646
38 0.42916666666666664 0.2536764705882353 0.05416666666666667 0.23161764705882354
