28 0.6427083333333333 0.5257352941176471 0.08958333333333333 0.3639705882352941
16 0.11302083333333333 0.6746323529411765 0.15104166666666666 0.3492647058823529
7 0.3104166666666667 0.5854779411764706 0.0875 0.13786764705882354
2 0.10885416666666667 0.6847426470588235 0.21770833333333334 0.20404411764705882
2 0.21666666666666667 0.8887867647058824 0.10625 0.2150735294117647
2 0.5296875 0.828125 0.13229166666666667 0.3400735294117647
33 0.32708333333333334 0.8207720588235294 0.12916666666666665 0.3327205882352941
32 0.20208333333333334 0.4568014705882353 0.10833333333333334 0.25183823529411764
43 0.5510416666666667 0.7215073529411764 0.10416666666666667 0.4834558823529412
38 0.5619791666666667 0.3998161764705882 0.146875 0.12683823529411764
44 0.4640625 0.36121323529411764 0.15729166666666666 0.2555147058823529
46 0.23541666666666666 0.4099264705882353 0.19375 0.22058823529411764
42 0.3734375 0.19669117647058823 0.084375 0.39338235294117646
