20 0.6697916666666667 0.4384191176470588 0.0625 0.17463235294117646
10 0.2203125 0.4880514705882353 0.11770833333333333 0.18198529411764705
10 0.3203125 0.265625 0.109375 0.10845588235294118
21 0.5546875 0.671875 0.14270833333333333 0.2775735294117647
0 0.3052083333333333 0.6139705882352942 0.175 0.39338235294117646
1 0.3416666666666667 0.3713235294117647 0.13125 0.2610294117647059
16 0.44635416666666666 0.16084558823529413 0.078125 0.24448529411764705
7 0.465625 0.328125 0.07083333333333333 0.0974264705882353
32 0.5057291666666667 0.4209558823529412 0.084375 0.2463235294117647
29 0.3645833333333333 0.8042279411764706 0.11458333333333333 0.2702205882352941
14 0.5916666666666667 0.24448529411764705 0.07083333333333333 0.15441176470588236
