28 0.55859375 0.16458333333333333 0.08281250000000001 0.2625
28 0.54609375 0.378125 0.06406250000000001 0.20208333333333334
21 0.19140625 0.48854166666666665 0.19843750000000002 0.2520833333333333
21 0.21875 0.6020833333333333 0.17500000000000002 0.2125
21 0.34218750000000003 0.6510416666666666 0.178125 0.2520833333333333
4 0.478125 0.2989583333333333 0.078125 0.13541666666666666
4 0.68359375 0.4875 0.0921875 0.13333333333333333
13 0.30859375 0.23124999999999998 0.07968750000000001 0.30833333333333335
13 0.46640625 0.4666666666666667 0.0734375 0.35
13 0.609375 0.39791666666666664 0.07500000000000001 0.35
45 0.32343750000000004 0.4302083333333333 0.10625000000000001 0.10208333333333333
