28 0.16354166666666667 0.3125 0.08541666666666667 0.29044117647058826
16 0.5708333333333333 0.2849264705882353 0.08125 0.27205882352941174
14 0.6604166666666667 0.5018382352941176 0.09791666666666667 0.1948529411764706
7 0.4375 0.4365808823529412 0.07708333333333334 0.10845588235294118
2 0.31875 0.3520220588235294 0.022916666666666665 0.15992647058823528
2 0.4953125 0.3446691176470588 0.08020833333333333 0.11948529411764705
2 0.6390625 0.4310661764705882 0.14895833333333333 0.13786764705882354
33 0.42864583333333334 0.2270220588235294 0.07604166666666666 0.21875
32 0.5239583333333333 0.45036764705882354 0.09375 0.2647058823529412
43 0.28229166666666666 0.328125 0.07916666666666666 0.20036764705882354
38 0.11875 0.609375 0.17083333333333334 0.12316176470588235
44 0.18854166666666666 0.703125 0.3104166666666667 0.3988970588235294
46 0.55 0.6544117647058824 0.3104166666666667 0.3529411764705882
42 0.26458333333333334 0.5818014705882353 0.17083333333333334 0.5827205882352942
