23 0.35625 0.1801470588235294 0.07291666666666667 0.3602941176470588
23 0.6932291666666667 0.5919117647058824 0.146875 0.4227941176470588
0 0.2890625 0.5202205882352942 0.15104166666666666 0.23161764705882354
0 0.5104166666666666 0.6773897058823529 0.18541666666666667 0.3069852941176471
16 0.6916666666666667 0.3795955882352941 0.09375 0.22977941176470587
22 0.37083333333333335 0.6194852941176471 0.08125 0.3272058823529412
14 0.7427083333333333 0.6323529411764706 0.04375 0.09926470588235294
10 0.5635416666666666 0.3483455882352941 0.10416666666666667 0.13051470588235295
10 0.46770833333333334 0.24724264705882354 0.06666666666666667 0.18933823529411764
7 0.5536458333333333 0.46047794117647056 0.06770833333333333 0.11213235294117647
45 0.4734375 0.45036764705882354 0.12395833333333334 0.2426470588235294
38 0.3375 0.29963235294117646 0.06041666666666667 0.2426470588235294
