4 0.503125 0.325 0.07187500000000001 0.11666666666666667
4 0.27421875 0.35104166666666664 0.0703125 0.13958333333333334
47 0.43984375000000003 0.3625 0.0890625 0.3458333333333333
47 0.6453125000000001 0.6 0.13125 0.37083333333333335
47 0.6179687500000001 0.2552083333333333 0.08281250000000001 0.33541666666666664
11 0.5734375 0.43124999999999997 0.1 0.21666666666666667
32 0.36250000000000004 0.31145833333333334 0.08125 0.17291666666666666
32 0.44843750000000004 0.6041666666666666 0.09375 0.1875
32 0.25546875 0.5916666666666667 0.1078125 0.19166666666666665
34 0.23593750000000002 0.3770833333333333 0.12187500000000001 0.3
