2 0.34609375000000003 0.49895833333333334 0.18906250000000002 0.08125
2 0.46640625 0.5114583333333333 0.19843750000000002 0.08958333333333333
2 0.41718750000000004 0.6833333333333333 0.22187500000000002 0.12083333333333333
28 0.5789062500000001 0.3364583333333333 0.06406250000000001 0.21041666666666667
19 0.37031250000000004 0.22916666666666666 0.15625 0.2625
19 0.55703125 0.76875 0.2578125 0.3625
38 0.65625 0.47291666666666665 0.08125 0.20416666666666666
11 0.33359375 0.3572916666666667 0.09531250000000001 0.20625
7 0.28203125 0.5791666666666666 0.08281250000000001 0.09583333333333333
39 0.5078125 0.42604166666666665 0.078125 0.32708333333333334
