0 0.5828125000000001 0.728125 0.1875 0.20208333333333334
2 0.38828125 0.5854166666666667 0.11406250000000001 0.175
2 0.753125 0.6208333333333333 0.253125 0.03333333333333333
2 0.5953125 0.7020833333333333 0.28750000000000003 0.075
12 0.4296875 0.859375 0.328125 0.27708333333333335
14 0.41718750000000004 0.6645833333333333 0.096875 0.1625
4 0.4890625 0.5072916666666667 0.09375 0.13541666666666666
45 0.421875 0.28541666666666665 0.10625000000000001 0.2916666666666667
1 0.6648437500000001 0.425 0.17343750000000002 0.22916666666666666
3 0.86875 0.38958333333333334 0.115625 0.19583333333333333
