9 0.7718750000000001 0.625 0.15937500000000002 0.22916666666666666
9 0.29609375 0.484375 0.20468750000000002 0.15625
22 0.4078125 0.6395833333333333 0.22812500000000002 0.25416666666666665
22 0.5945312500000001 0.6677083333333333 0.1765625 0.26875
13 0.26484375 0.42604166666666665 0.1171875 0.47291666666666665
4 0.5375 0.4791666666666667 0.1125 0.1375
4 0.65234375 0.38229166666666664 0.1015625 0.14791666666666667
4 0.36250000000000004 0.3770833333333333 0.08125 0.10416666666666667
24 0.4375 0.3614583333333333 0.09062500000000001 0.17708333333333334
24 0.546875 0.32708333333333334 0.09375 0.17083333333333334
