25 0.637890625 0.3090277777777778 0.19765625 0.4652777777777778
21 0.26210937500000003 0.5020833333333333 0.11328125 0.20972222222222223
39 0.46914062500000003 0.48888888888888893 0.10546875 0.33055555555555555
16 0.43476562500000004 0.27083333333333337 0.13203125000000002 0.12222222222222223
19 0.349609375 0.7847222222222222 0.27578125000000003 0.4277777777777778
4 0.3140625 0.28194444444444444 0.07500000000000001 0.15555555555555556
20 0.390234375 0.19444444444444445 0.041406250000000006 0.1388888888888889
3 0.655859375 0.6652777777777779 0.11953125 0.21944444444444444
2 0.572265625 0.5972222222222222 0.049218750000000006 0.2972222222222222
42 0.386328125 0.35555555555555557 0.07734375 0.3944444444444445
