28 0.32916666666666666 0.10018382352941177 0.07708333333333334 0.20036764705882354
16 0.6114583333333333 0.44485294117647056 0.09375 0.3088235294117647
14 0.5322916666666666 0.7647058823529411 0.13541666666666666 0.21323529411764705
7 0.4427083333333333 0.44025735294117646 0.07291666666666667 0.09375
2 0.5916666666666667 0.6691176470588235 0.23541666666666666 0.11764705882352941
2 0.6005208333333333 0.4007352941176471 0.20520833333333333 0.09926470588235294
2 0.4583333333333333 0.2463235294117647 0.10416666666666667 0.1801470588235294
33 0.5703125 0.22242647058823528 0.07604166666666666 0.2463235294117647
32 0.43072916666666666 0.5772058823529411 0.103125 0.2757352941176471
43 0.4046875 0.2104779411764706 0.21145833333333333 0.21875
38 0.17760416666666667 0.3336397058823529 0.11145833333333333 0.16727941176470587
44 0.146875 0.4779411764705882 0.2791666666666667 0.15441176470588236
46 0.22135416666666666 0.7242647058823529 0.26145833333333335 0.5367647058823529
42 0.11562499999999999 0.4797794117647059 0.17708333333333334 0.4889705882352941
