23 0.13541666666666666 0.3630514705882353 0.12916666666666665 0.42463235294117646
23 0.6765625 0.3851102941176471 0.109375 0.4724264705882353
0 0.23802083333333332 0.7720588235294118 0.18854166666666666 0.3088235294117647
0 0.5484375 0.6516544117647058 0.196875 0.31433823529411764
16 0.5380208333333333 0.2619485294117647 0.071875 0.24448529411764705
22 0.4005208333333333 0.7601102941176471 0.153125 0.37316176470588236
10 0.2734375 0.3520220588235294 0.09479166666666666 0.2113970588235294
10 0.4010416666666667 0.3602941176470588 0.09791666666666667 0.15808823529411764
7 0.4583333333333333 0.4411764705882353 0.07291666666666667 0.09558823529411764
45 0.3848958333333333 0.5450367647058824 0.22395833333333334 0.18933823529411764
38 0.18645833333333334 0.5064338235294118 0.11458333333333333 0.29963235294117646
