0 0.503125 0.6083333333333333 0.15000000000000002 0.2833333333333333
2 0.65546875 0.39375 0.16718750000000002 0.15416666666666667
2 0.6609375000000001 0.5458333333333333 0.19687500000000002 0.12916666666666665
2 0.696875 0.7760416666666666 0.08125 0.34375
12 0.4296875 0.8135416666666666 0.39687500000000003 0.16875
14 0.34375 0.659375 0.134375 0.14375
4 0.34687500000000004 0.4947916666666667 0.1 0.14375
45 0.2109375 0.31875 0.14375000000000002 0.325
1 0.47734375 0.334375 0.15156250000000002 0.21875
3 0.61484375 0.2583333333333333 0.1296875 0.17916666666666667
