28 0.3953125 0.11029411764705882 0.065625 0.20955882352941177
16 0.6463541666666667 0.44025735294117646 0.09895833333333333 0.29963235294117646
14 0.5609375 0.7095588235294118 0.13020833333333334 0.1875
2 0.5083333333333333 0.2711397058823529 0.10833333333333334 0.1488970588235294
2 0.6369791666666667 0.4172794117647059 0.20104166666666667 0.0661764705882353
2 0.6229166666666667 0.6498161764705882 0.22291666666666665 0.13051470588235295
33 0.6145833333333334 0.25275735294117646 0.075 0.24448529411764705
32 0.4666666666666667 0.5367647058823529 0.08958333333333333 0.2757352941176471
43 0.4609375 0.23345588235294118 0.19895833333333332 0.1838235294117647
38 0.24791666666666667 0.3069852941176471 0.09791666666666667 0.13602941176470587
44 0.209375 0.4338235294117647 0.2604166666666667 0.12867647058823528
46 0.2677083333333333 0.6534926470588235 0.25416666666666665 0.4540441176470588
42 0.18229166666666666 0.39338235294117646 0.13541666666666666 0.4889705882352941
