28 0.11197916666666667 0.6066176470588235 0.14479166666666665 0.33088235294117646
16 0.42135416666666664 0.2545955882352941 0.08229166666666667 0.24080882352941177
14 0.5947916666666666 0.296875 0.05 0.11580882352941177
7 0.4119791666666667 0.44393382352941174 0.071875 0.10845588235294118
2 0.34739583333333335 0.3805147058823529 0.053125 0.14705882352941177
33 0.25416666666666665 0.35110294117647056 0.09791666666666667 0.22058823529411764
32 0.5 0.30974264705882354 0.04583333333333333 0.17830882352941177
43 0.20677083333333332 0.5873161764705882 0.15520833333333334 0.23345588235294118
38 0.3177083333333333 0.8198529411764706 0.19583333333333333 0.3235294117647059
44 0.459375 0.7527573529411764 0.13541666666666666 0.45036764705882354
46 0.6223958333333334 0.421875 0.28229166666666666 0.21875
42 0.565625 0.47518382352941174 0.10416666666666667 0.5422794117647058
