23 0.3625 0.21691176470588236 0.06875 0.33088235294117646
23 0.5427083333333333 0.6369485294117647 0.10625 0.4209558823529412
0 0.47812499999999997 0.3428308823529412 0.12083333333333333 0.21875
0 0.6385416666666667 0.5376838235294118 0.09375 0.17463235294117646
16 0.23385416666666667 0.43566176470588236 0.08229166666666667 0.23529411764705882
22 0.5677083333333334 0.3639705882352941 0.07083333333333333 0.15441176470588236
14 0.3020833333333333 0.34650735294117646 0.07916666666666666 0.11213235294117647
10 0.3052083333333333 0.6360294117647058 0.11666666666666667 0.14338235294117646
10 0.39739583333333334 0.7003676470588235 0.078125 0.20220588235294118
7 0.3755208333333333 0.5045955882352942 0.059375 0.10845588235294118
45 0.4578125 0.5248161764705882 0.06770833333333333 0.28860294117647056
