1 0.550390625 0.37083333333333335 0.10703125000000001 0.25
23 0.263671875 0.6097222222222223 0.22890625 0.3472222222222222
37 0.498828125 0.5972222222222222 0.20859375000000002 0.2
47 0.314453125 0.7833333333333333 0.11796875000000001 0.4305555555555556
21 0.17539062500000002 0.45972222222222225 0.13359375 0.15555555555555556
20 0.33710937500000004 0.29930555555555555 0.039843750000000004 0.1513888888888889
17 0.375 0.3652777777777778 0.08281250000000001 0.2638888888888889
14 0.20859375000000002 0.38472222222222224 0.078125 0.11111111111111112
3 0.47578125000000004 0.2791666666666667 0.1046875 0.2
2 0.41835937500000003 0.2986111111111111 0.13984375000000002 0.05555555555555556
36 0.271484375 0.3416666666666667 0.12109375 0.22777777777777777
34 0.203515625 0.5666666666666667 0.20703125 0.3194444444444445
