3 0.3015625 0.48125 0.08750000000000001 0.1
3 0.26640625 0.48333333333333334 0.1484375 0.19166666666666665
3 0.3484375 0.5802083333333333 0.15937500000000002 0.20625
35 0.61640625 0.403125 0.1171875 0.3854166666666667
28 0.41640625000000003 0.378125 0.08281250000000001 0.25625
28 0.45703125 0.6104166666666666 0.09531250000000001 0.2708333333333333
28 0.596875 0.25729166666666664 0.07187500000000001 0.22708333333333333
43 0.31015625 0.225 0.09843750000000001 0.37083333333333335
43 0.45937500000000003 0.17083333333333334 0.07500000000000001 0.3416666666666667
48 0.5125000000000001 0.37083333333333335 0.09375 0.25416666666666665
