39 0.47304687500000003 0.3263888888888889 0.055468750000000004 0.35000000000000003
19 0.6390625000000001 0.4673611111111111 0.13125 0.19305555555555556
34 0.555859375 0.21319444444444446 0.055468750000000004 0.2569444444444445
3 0.455078125 0.33055555555555555 0.07109375 0.10833333333333334
2 0.4234375 0.43819444444444444 0.0578125 0.06805555555555556
42 0.54453125 0.4166666666666667 0.0625 0.36944444444444446
37 0.33242187500000003 0.5055555555555555 0.08984375 0.32222222222222224
1 0.49062500000000003 0.638888888888889 0.115625 0.275
25 0.307421875 0.34861111111111115 0.13359375 0.3861111111111111
20 0.30195312500000004 0.7145833333333333 0.06484375 0.1736111111111111
