13 0.41640625000000003 0.3177083333333333 0.051562500000000004 0.23541666666666666
13 0.5140625 0.41562499999999997 0.115625 0.15208333333333332
13 0.6234375000000001 0.43124999999999997 0.0625 0.26666666666666666
22 0.57421875 0.359375 0.0921875 0.11458333333333333
22 0.5625 0.4197916666666667 0.078125 0.08541666666666667
28 0.49609375 0.5333333333333333 0.060937500000000006 0.17916666666666667
28 0.52109375 0.5166666666666666 0.1328125 0.07916666666666666
30 0.41718750000000004 0.45208333333333334 0.11875000000000001 0.058333333333333334
30 0.40468750000000003 0.5083333333333333 0.09375 0.07916666666666666
30 0.34453125 0.509375 0.0546875 0.16875
