9 0.5328125 0.45416666666666666 0.14375000000000002 0.075
9 0.25625000000000003 0.7416666666666667 0.27187500000000003 0.20833333333333334
22 0.3484375 0.46041666666666664 0.153125 0.15416666666666667
22 0.2625 0.5729166666666666 0.23125 0.20416666666666666
13 0.41718750000000004 0.253125 0.07500000000000001 0.38958333333333334
4 0.46875 0.55 0.1125 0.15833333333333333
4 0.5945312500000001 0.7041666666666666 0.1546875 0.22083333333333333
4 0.71796875 0.421875 0.051562500000000004 0.09375
24 0.65 0.475 0.1125 0.22083333333333333
24 0.7203125 0.584375 0.15000000000000002 0.26458333333333334
