9 0.278125 0.6260416666666666 0.29375 0.19791666666666666
9 0.67578125 0.41562499999999997 0.20468750000000002 0.13125
22 0.59375 0.5947916666666666 0.18125000000000002 0.21875
22 0.69140625 0.5125 0.2078125 0.2
13 0.46406250000000004 0.4979166666666667 0.1 0.5083333333333333
4 0.45234375000000004 0.33229166666666665 0.1015625 0.11041666666666666
4 0.5085937500000001 0.44166666666666665 0.0671875 0.11666666666666667
4 0.22968750000000002 0.509375 0.109375 0.12708333333333333
24 0.31015625 0.428125 0.11406250000000001 0.19791666666666666
24 0.33671875 0.30416666666666664 0.1046875 0.07916666666666666
