21 0.583203125 0.5013888888888889 0.10546875 0.18333333333333335
20 0.309375 0.7083333333333334 0.0734375 0.16944444444444445
3 0.37539062500000003 0.2388888888888889 0.09296875 0.1277777777777778
2 0.38593750000000004 0.33194444444444443 0.11406250000000001 0.16111111111111112
39 0.415625 0.4027777777777778 0.0890625 0.2111111111111111
42 0.47734375 0.30347222222222225 0.06406250000000001 0.39583333333333337
25 0.23828125 0.3180555555555556 0.11406250000000001 0.4444444444444445
16 0.319921875 0.58125 0.15546875000000002 0.1736111111111111
19 0.584375 0.3229166666666667 0.15781250000000002 0.20694444444444446
4 0.447265625 0.6590277777777778 0.08984375 0.17916666666666667
