47 0.38984375000000004 0.23958333333333334 0.0734375 0.30416666666666664
39 0.20390625 0.36875 0.0703125 0.37083333333333335
40 0.28359375000000003 0.3052083333333333 0.0921875 0.33541666666666664
43 0.36796875 0.34479166666666666 0.0890625 0.3645833333333333
41 0.4734375 0.3854166666666667 0.09375 0.39166666666666666
41 0.27109375 0.4583333333333333 0.1328125 0.42083333333333334
42 0.534375 0.309375 0.065625 0.34791666666666665
45 0.6937500000000001 0.3645833333333333 0.09062500000000001 0.35
48 0.58359375 0.453125 0.09843750000000001 0.43124999999999997
48 0.63828125 0.2583333333333333 0.0671875 0.3208333333333333
