36 0.18906250000000002 0.49375 0.16875 0.09861111111111112
37 0.46914062500000003 0.4479166666666667 0.13828125 0.15972222222222224
47 0.46132812500000003 0.6541666666666667 0.15859375 0.25277777777777777
23 0.34453125 0.6326388888888889 0.07187500000000001 0.3180555555555556
34 0.276171875 0.6645833333333333 0.06015625 0.30972222222222223
21 0.20546875 0.6256944444444444 0.0859375 0.14305555555555557
14 0.17304687500000002 0.5854166666666667 0.055468750000000004 0.09861111111111112
20 0.237109375 0.41458333333333336 0.05234375 0.10416666666666667
17 0.318359375 0.4131944444444445 0.08203125 0.16527777777777777
3 0.32929687500000004 0.3 0.06015625 0.14166666666666666
1 0.42304687500000004 0.30208333333333337 0.08671875000000001 0.1763888888888889
2 0.267578125 0.36319444444444443 0.04296875 0.043055555555555555
