28 0.26406250000000003 0.2604166666666667 0.13125 0.275
28 0.309375 0.46041666666666664 0.09375 0.1875
21 0.5375 0.30625 0.115625 0.19166666666666665
21 0.6609375000000001 0.29583333333333334 0.15937500000000002 0.21666666666666667
21 0.64765625 0.4083333333333333 0.1484375 0.17083333333333334
4 0.22890625 0.3958333333333333 0.0734375 0.12083333333333333
4 0.3015625 0.6479166666666667 0.13125 0.17083333333333334
13 0.44296875 0.26666666666666666 0.0703125 0.32916666666666666
13 0.5281250000000001 0.546875 0.06875 0.3520833333333333
45 0.6117187500000001 0.5760416666666667 0.26406250000000003 0.16458333333333333
