20 0.403125 0.5493055555555556 0.045312500000000006 0.13194444444444445
14 0.29375 0.4027777777777778 0.051562500000000004 0.10833333333333334
1 0.512109375 0.43472222222222223 0.08359375000000001 0.19444444444444445
19 0.55859375 0.2916666666666667 0.05625 0.1388888888888889
11 0.5945312500000001 0.3576388888888889 0.065625 0.19583333333333333
38 0.319921875 0.2777777777777778 0.049218750000000006 0.17222222222222222
42 0.5105468750000001 0.24166666666666667 0.049218750000000006 0.2138888888888889
39 0.43085937500000004 0.23402777777777778 0.049218750000000006 0.2791666666666667
36 0.37226562500000004 0.16736111111111113 0.05234375 0.24305555555555555
34 0.455078125 0.15763888888888888 0.04296875 0.2569444444444445
37 0.38007812500000004 0.39583333333333337 0.06171875 0.25
