26 0.6648437500000001 0.4125 0.0765625 0.1875
12 0.3125 0.7 0.33125000000000004 0.1375
29 0.55625 0.3572916666666667 0.065625 0.13958333333333334
44 0.3140625 0.3 0.08750000000000001 0.30416666666666664
35 0.81015625 0.26666666666666666 0.09843750000000001 0.30833333333333335
20 0.38203125000000004 0.43645833333333334 0.0578125 0.12291666666666666
0 0.23671875 0.5385416666666667 0.1640625 0.17708333333333334
0 0.78125 0.6385416666666667 0.215625 0.23541666666666666
14 0.46484375 0.3854166666666667 0.0703125 0.1
2 0.546875 0.6208333333333333 0.21250000000000002 0.1
2 0.57578125 0.5447916666666667 0.1703125 0.11875
