1 0.6472656250000001 0.4118055555555556 0.09453125000000001 0.18472222222222223
23 0.491015625 0.6409722222222223 0.11796875000000001 0.3180555555555556
37 0.6527343750000001 0.5798611111111112 0.17109375000000002 0.12083333333333333
47 0.6023437500000001 0.7590277777777779 0.1203125 0.37083333333333335
21 0.36757812500000003 0.5472222222222223 0.08828125 0.1527777777777778
20 0.45 0.38680555555555557 0.0390625 0.12638888888888888
17 0.51796875 0.4361111111111111 0.059375000000000004 0.225
14 0.349609375 0.4666666666666667 0.049218750000000006 0.10555555555555556
3 0.566015625 0.3451388888888889 0.06015625 0.1625
2 0.47695312500000003 0.36875 0.06328125 0.05694444444444444
36 0.385546875 0.41944444444444445 0.12734375 0.19166666666666668
34 0.4265625 0.6062500000000001 0.1125 0.27083333333333337
