28 0.23072916666666665 0.4365808823529412 0.12395833333333334 0.31433823529411764
16 0.5572916666666666 0.16268382352941177 0.07916666666666666 0.24816176470588236
14 0.7104166666666667 0.234375 0.07916666666666666 0.1488970588235294
7 0.5229166666666667 0.3483455882352941 0.07291666666666667 0.10845588235294118
2 0.4739583333333333 0.27481617647058826 0.03125 0.1488970588235294
33 0.3885416666666667 0.2306985294117647 0.08541666666666667 0.2113970588235294
43 0.31666666666666665 0.4310661764705882 0.1375 0.2261029411764706
38 0.384375 0.6801470588235294 0.19166666666666665 0.27205882352941174
44 0.5255208333333333 0.6452205882352942 0.08854166666666667 0.44485294117647056
46 0.7265625 0.4466911764705882 0.3385416666666667 0.16911764705882354
42 0.6416666666666666 0.39246323529411764 0.10416666666666667 0.5606617647058824
