31 0.58125 0.5239583333333333 0.184375 0.10208333333333333
31 0.47500000000000003 0.3125 0.053125000000000006 0.19583333333333333
10 0.28125 0.48541666666666666 0.1125 0.125
10 0.28203125 0.5697916666666667 0.0765625 0.10625
10 0.296875 0.628125 0.096875 0.09791666666666667
45 0.3515625 0.471875 0.06875 0.23958333333333334
44 0.50703125 0.44375 0.1453125 0.1
44 0.42734375 0.6166666666666667 0.0859375 0.225
48 0.6203125 0.378125 0.065625 0.22291666666666665
48 0.40937500000000004 0.40208333333333335 0.059375000000000004 0.225
