28 0.53125 0.12316176470588235 0.0625 0.22794117647058823
16 0.7385416666666667 0.5450367647058824 0.13125 0.37683823529411764
14 0.5645833333333333 0.8336397058823529 0.175 0.24080882352941177
7 0.5671875 0.4954044117647059 0.059375 0.13051470588235295
2 0.6770833333333334 0.7931985294117647 0.2583333333333333 0.2555147058823529
2 0.7567708333333333 0.53125 0.253125 0.07720588235294118
2 0.6385416666666667 0.3327205882352941 0.14791666666666667 0.1213235294117647
33 0.7526041666666666 0.28860294117647056 0.09479166666666666 0.19117647058823528
32 0.4979166666666667 0.5836397058823529 0.10416666666666667 0.32169117647058826
43 0.5953125 0.2821691176470588 0.23645833333333333 0.14522058823529413
38 0.346875 0.3014705882352941 0.07083333333333333 0.17279411764705882
44 0.271875 0.4384191176470588 0.26458333333333334 0.17830882352941177
46 0.315625 0.7297794117647058 0.28125 0.5330882352941176
42 0.22343749999999998 0.328125 0.13645833333333332 0.5569852941176471
