28 0.7119791666666666 0.3069852941176471 0.078125 0.33088235294117646
16 0.28229166666666666 0.6672794117647058 0.14583333333333334 0.33455882352941174
14 0.178125 0.6047794117647058 0.07708333333333334 0.1838235294117647
7 0.4109375 0.5211397058823529 0.08229166666666667 0.11580882352941177
2 0.19114583333333332 0.7784926470588235 0.10729166666666666 0.17830882352941177
2 0.425 0.8042279411764706 0.05 0.38786764705882354
2 0.6708333333333333 0.6047794117647058 0.20416666666666666 0.20220588235294118
33 0.53125 0.6737132352941176 0.1125 0.31066176470588236
32 0.28229166666666666 0.4540441176470588 0.1125 0.22058823529411764
43 0.6729166666666666 0.5 0.2 0.3492647058823529
38 0.5760416666666667 0.2536764705882353 0.14583333333333334 0.15808823529411764
44 0.4661458333333333 0.27297794117647056 0.09270833333333334 0.26286764705882354
46 0.29635416666666664 0.375 0.22604166666666667 0.12867647058823528
42 0.378125 0.17095588235294118 0.1 0.34191176470588236
