28 0.4765625 0.11397058823529412 0.06354166666666666 0.22794117647058823
16 0.6489583333333333 0.6185661764705882 0.1125 0.28860294117647056
14 0.503125 0.8878676470588235 0.13958333333333334 0.1875
7 0.49583333333333335 0.5266544117647058 0.07708333333333334 0.11948529411764705
2 0.5911458333333334 0.8226102941176471 0.20520833333333333 0.24448529411764705
2 0.6677083333333333 0.5477941176470588 0.21041666666666667 0.06985294117647059
2 0.5734375 0.3161764705882353 0.13854166666666667 0.13602941176470587
33 0.6677083333333333 0.3584558823529412 0.09166666666666666 0.23161764705882354
32 0.4515625 0.6571691176470588 0.09270833333333334 0.25183823529411764
43 0.5354166666666667 0.26746323529411764 0.22291666666666665 0.15992647058823528
38 0.2989583333333333 0.2913602941176471 0.07708333333333334 0.20404411764705882
44 0.24791666666666667 0.42830882352941174 0.24375 0.19117647058823528
46 0.28802083333333334 0.7398897058823529 0.2677083333333333 0.4466911764705882
42 0.196875 0.4172794117647059 0.13125 0.4411764705882353
