28 0.17447916666666666 0.390625 0.103125 0.3069852941176471
16 0.5286458333333334 0.21415441176470587 0.06770833333333333 0.23713235294117646
14 0.6557291666666667 0.34558823529411764 0.078125 0.14705882352941177
7 0.4692708333333333 0.3952205882352941 0.06770833333333333 0.10661764705882353
2 0.3125 0.41360294117647056 0.04375 0.06985294117647059
2 0.44427083333333334 0.29044117647058826 0.019791666666666666 0.15073529411764705
33 0.36302083333333335 0.22242647058823528 0.06770833333333333 0.20955882352941177
32 0.5890625 0.3272058823529412 0.06354166666666666 0.1875
43 0.2630208333333333 0.39797794117647056 0.10729166666666666 0.2738970588235294
38 0.28541666666666665 0.6792279411764706 0.19375 0.2150735294117647
44 0.4265625 0.7040441176470588 0.12395833333333334 0.4411764705882353
46 0.6885416666666666 0.5073529411764706 0.21458333333333332 0.21691176470588236
42 0.5390625 0.5101102941176471 0.09270833333333334 0.5128676470588235
