39 0.69921875 0.31145833333333334 0.08281250000000001 0.25625
31 0.58125 0.4895833333333333 0.07187500000000001 0.24583333333333332
19 0.6875 0.5625 0.1625 0.2708333333333333
19 0.62109375 0.34375 0.1265625 0.1875
18 0.37578125 0.521875 0.2015625 0.2604166666666667
4 0.73203125 0.45729166666666665 0.07968750000000001 0.10625
10 0.40703125 0.3020833333333333 0.08281250000000001 0.1125
10 0.62109375 0.2604166666666667 0.0859375 0.06666666666666667
47 0.284375 0.3177083333333333 0.09062500000000001 0.25625
27 0.540625 0.2677083333333333 0.05625 0.12291666666666666
28 0.51484375 0.6114583333333333 0.0671875 0.18958333333333333
