0 0.48281250000000003 0.665625 0.209375 0.22291666666666665
2 0.5640625 0.5354166666666667 0.234375 0.06666666666666667
2 0.62109375 0.7375 0.06406250000000001 0.3
2 0.40546875000000004 0.86875 0.2890625 0.225
12 0.26640625 0.6708333333333333 0.1796875 0.3875
14 0.38984375000000004 0.5145833333333333 0.1296875 0.13333333333333333
4 0.4625 0.4145833333333333 0.09375 0.13333333333333333
45 0.59765625 0.21770833333333334 0.0765625 0.32708333333333334
1 0.6507812500000001 0.3875 0.1296875 0.22083333333333333
3 0.7718750000000001 0.5677083333333334 0.15937500000000002 0.18541666666666667
