9 0.13828125 0.4041666666666667 0.1953125 0.10833333333333334
9 0.384375 0.35104166666666664 0.19062500000000002 0.11041666666666666
16 0.36875 0.21145833333333333 0.08125 0.14375
12 0.15781250000000002 0.2625 0.240625 0.14583333333333334
34 0.7156250000000001 0.4510416666666667 0.134375 0.38958333333333334
33 0.4578125 0.15729166666666666 0.059375000000000004 0.16458333333333333
7 0.13671875 0.5354166666666667 0.09843750000000001 0.125
27 0.40625 0.703125 0.1125 0.26458333333333334
29 0.17343750000000002 0.7333333333333333 0.12812500000000002 0.23333333333333334
26 0.53515625 0.3229166666666667 0.0734375 0.1875
