23 0.3802083333333333 0.15073529411764705 0.0875 0.3014705882352941
23 0.3890625 0.8115808823529411 0.109375 0.32169117647058826
0 0.575 0.6424632352941176 0.13541666666666666 0.2077205882352941
0 0.4921875 0.3161764705882353 0.11145833333333333 0.27941176470588236
16 0.2046875 0.36213235294117646 0.10104166666666667 0.22426470588235295
22 0.5666666666666667 0.4301470588235294 0.11875 0.2389705882352941
14 0.315625 0.25183823529411764 0.0875 0.125
10 0.23802083333333332 0.6130514705882353 0.12604166666666666 0.15625
10 0.2734375 0.7702205882352942 0.09895833333333333 0.16176470588235295
7 0.3385416666666667 0.4852941176470588 0.06458333333333333 0.11764705882352941
45 0.41562499999999997 0.5220588235294118 0.09791666666666667 0.29044117647058826
38 0.4640625 0.7637867647058824 0.065625 0.21875
