21 0.17695312500000002 0.5013888888888889 0.10703125000000001 0.18055555555555555
39 0.346484375 0.4534722222222222 0.08203125 0.2763888888888889
42 0.265234375 0.3541666666666667 0.10703125000000001 0.3472222222222222
3 0.505078125 0.5694444444444444 0.10546875 0.19722222222222224
25 0.487890625 0.2798611111111111 0.13203125000000002 0.3763888888888889
2 0.443359375 0.53125 0.032031250000000004 0.2513888888888889
19 0.2421875 0.70625 0.22968750000000002 0.32083333333333336
16 0.33984375 0.2888888888888889 0.109375 0.11388888888888889
20 0.300390625 0.2138888888888889 0.04453125 0.10277777777777779
4 0.21484375 0.3215277777777778 0.035937500000000004 0.12638888888888888
