16 0.34687500000000004 0.48125 0.06875 0.16666666666666666
16 0.53671875 0.4479166666666667 0.029687500000000002 0.14583333333333334
38 0.56484375 0.5020833333333333 0.0546875 0.16666666666666666
2 0.57578125 0.409375 0.1859375 0.027083333333333334
2 0.65234375 0.48333333333333334 0.0921875 0.08333333333333333
2 0.6195312500000001 0.4666666666666667 0.0703125 0.05416666666666667
2 0.446875 0.5822916666666667 0.07500000000000001 0.10208333333333333
12 0.40546875000000004 0.41354166666666664 0.11093750000000001 0.09375
12 0.3984375 0.46770833333333334 0.046875 0.04791666666666666
10 0.50703125 0.4458333333333333 0.0484375 0.058333333333333334
