36 0.523828125 0.6013888888888889 0.09765625 0.4222222222222222
38 0.601171875 0.5131944444444445 0.06796875000000001 0.2569444444444445
34 0.34414062500000003 0.6687500000000001 0.11640625 0.42638888888888893
39 0.42226562500000003 0.4076388888888889 0.07578125000000001 0.40972222222222227
11 0.207421875 0.35347222222222224 0.11484375000000001 0.25972222222222224
37 0.49609375 0.24166666666666667 0.0671875 0.3111111111111111
42 0.3140625 0.30347222222222225 0.09531250000000001 0.38472222222222224
19 0.223046875 0.6743055555555556 0.18671875000000002 0.39305555555555555
1 0.34609375000000003 0.2868055555555556 0.0890625 0.2125
14 0.6277343750000001 0.4277777777777778 0.047656250000000004 0.15833333333333333
