4 0.30078125 0.3875 0.09531250000000001 0.12083333333333333
4 0.21406250000000002 0.6385416666666667 0.125 0.16875
47 0.6781250000000001 0.2708333333333333 0.09062500000000001 0.32916666666666666
47 0.35234375 0.2 0.0890625 0.3125
47 0.41953125 0.36041666666666666 0.0890625 0.3416666666666667
11 0.46875 0.33541666666666664 0.084375 0.2
32 0.58984375 0.4666666666666667 0.0765625 0.17916666666666667
32 0.53828125 0.6479166666666667 0.0859375 0.2
32 0.23671875 0.49166666666666664 0.1046875 0.18333333333333332
34 0.35625 0.5822916666666667 0.11875000000000001 0.31875
