0 0.53125 0.6489583333333333 0.203125 0.2520833333333333
1 0.6195312500000001 0.34270833333333334 0.1484375 0.21458333333333332
2 0.37890625 0.4322916666666667 0.18906250000000002 0.14375
2 0.53125 0.603125 0.28125 0.10625
2 0.7914062500000001 0.45625 0.2546875 0.07083333333333333
3 0.775 0.5083333333333333 0.1375 0.18333333333333332
4 0.49921875000000004 0.4552083333333333 0.1046875 0.13541666666666666
45 0.4546875 0.18958333333333333 0.096875 0.30416666666666664
12 0.2984375 0.6770833333333334 0.21875 0.35833333333333334
14 0.35703125 0.49895833333333334 0.09843750000000001 0.12708333333333333
