23 0.4458333333333333 0.1920955882352941 0.08333333333333333 0.3805147058823529
23 0.2994791666666667 0.7481617647058824 0.16354166666666667 0.5
0 0.5776041666666667 0.7233455882352942 0.178125 0.2775735294117647
0 0.5416666666666666 0.3897058823529412 0.1 0.28308823529411764
16 0.24322916666666666 0.3556985294117647 0.09895833333333333 0.24816176470588236
22 0.6036458333333333 0.5018382352941176 0.15104166666666666 0.2463235294117647
14 0.38385416666666666 0.31525735294117646 0.084375 0.11580882352941177
10 0.19739583333333333 0.5680147058823529 0.078125 0.1213235294117647
10 0.20520833333333333 0.7215073529411764 0.10625 0.24448529411764705
7 0.35260416666666666 0.5064338235294118 0.06979166666666667 0.11580882352941177
45 0.41875 0.5790441176470588 0.15833333333333333 0.3235294117647059
38 0.4083333333333333 0.7702205882352942 0.09375 0.3235294117647059
