28 0.6520833333333333 0.20680147058823528 0.07083333333333333 0.2665441176470588
16 0.403125 0.7371323529411764 0.1375 0.3639705882352941
14 0.20677083333333332 0.8060661764705882 0.11562499999999999 0.2077205882352941
7 0.43124999999999997 0.5533088235294118 0.07916666666666666 0.10661764705882353
2 0.3015625 0.8336397058823529 0.065625 0.3290441176470588
2 0.5703125 0.7931985294117647 0.15104166666666666 0.3327205882352941
2 0.6854166666666667 0.4880514705882353 0.23124999999999998 0.07904411764705882
33 0.65 0.5799632352941176 0.10208333333333333 0.30330882352941174
32 0.2786458333333333 0.5707720588235294 0.11770833333333333 0.2738970588235294
43 0.6661458333333333 0.3952205882352941 0.2677083333333333 0.21691176470588236
38 0.465625 0.2665441176470588 0.12083333333333333 0.1875
44 0.3770833333333333 0.3207720588235294 0.08958333333333333 0.25183823529411764
46 0.20625 0.4522058823529412 0.2916666666666667 0.1764705882352941
42 0.2604166666666667 0.19393382352941177 0.11666666666666667 0.3694852941176471
