39 0.3640625 0.30833333333333335 0.078125 0.25
31 0.5421875 0.240625 0.059375000000000004 0.23541666666666666
19 0.36953125000000003 0.49895833333333334 0.1921875 0.14375
19 0.4578125 0.31666666666666665 0.11875000000000001 0.14583333333333334
18 0.69140625 0.3885416666666667 0.1796875 0.22291666666666665
10 0.33046875000000003 0.6020833333333333 0.1203125 0.1125
10 0.60703125 0.653125 0.11406250000000001 0.14791666666666667
47 0.7757812500000001 0.4395833333333333 0.1171875 0.2875
27 0.51015625 0.6479166666666667 0.11093750000000001 0.175
28 0.6117187500000001 0.22708333333333333 0.060937500000000006 0.17916666666666667
