28 0.69375 0.37224264705882354 0.0875 0.3400735294117647
16 0.2359375 0.7454044117647058 0.15520833333333334 0.38786764705882354
14 0.10208333333333333 0.6755514705882353 0.10833333333333334 0.20036764705882354
7 0.3692708333333333 0.5891544117647058 0.09479166666666666 0.12683823529411764
2 0.11979166666666667 0.8713235294117647 0.13333333333333333 0.23529411764705882
2 0.40208333333333335 0.8483455882352942 0.035416666666666666 0.29963235294117646
2 0.6614583333333334 0.6810661764705882 0.21875 0.21875
33 0.5291666666666667 0.75 0.11875 0.3492647058823529
32 0.21666666666666667 0.47610294117647056 0.11666666666666667 0.20588235294117646
43 0.6578125 0.5716911764705882 0.234375 0.3713235294117647
38 0.5328125 0.3235294117647059 0.14895833333333333 0.16911764705882354
44 0.3932291666666667 0.328125 0.08854166666666667 0.2702205882352941
46 0.19270833333333334 0.4806985294117647 0.28541666666666665 0.15992647058823528
42 0.3177083333333333 0.203125 0.09375 0.4025735294117647
