0 0.6484375 0.5427083333333333 0.2 0.24375
2 0.6640625 0.4770833333333333 0.259375 0.125
2 0.35625 0.5645833333333333 0.043750000000000004 0.24583333333333332
2 0.74609375 0.40208333333333335 0.1046875 0.075
12 0.56875 0.771875 0.41875 0.18958333333333333
14 0.44062500000000004 0.6114583333333333 0.1 0.19375
4 0.43203125000000003 0.459375 0.1078125 0.14791666666666667
45 0.28984375 0.26979166666666665 0.1171875 0.35625
1 0.5578125 0.30416666666666664 0.153125 0.22083333333333333
3 0.70234375 0.221875 0.0734375 0.16875
