15 0.63203125 0.4239583333333333 0.15781250000000002 0.15208333333333332
20 0.5125000000000001 0.4791666666666667 0.053125000000000006 0.11666666666666667
22 0.3484375 0.5854166666666667 0.15000000000000002 0.17083333333333334
19 0.5007812500000001 0.6052083333333333 0.2328125 0.14791666666666667
28 0.3953125 0.4375 0.140625 0.07916666666666666
10 0.2890625 0.5010416666666666 0.1125 0.11458333333333333
38 0.54453125 0.41354166666666664 0.09843750000000001 0.11875
39 0.39765625000000004 0.29270833333333335 0.06406250000000001 0.23958333333333334
40 0.6882812500000001 0.5916666666666667 0.1328125 0.22083333333333333
2 0.6359375 0.5125 0.16562500000000002 0.0375
