23 0.319140625 0.4569444444444445 0.24140625000000002 0.1638888888888889
2 0.67734375 0.41597222222222224 0.084375 0.13472222222222222
47 0.2328125 0.6263888888888889 0.29375 0.28611111111111115
37 0.44609375 0.6819444444444445 0.11875000000000001 0.35833333333333334
34 0.3328125 0.36388888888888893 0.21875 0.08888888888888889
17 0.48984375 0.36458333333333337 0.0765625 0.27361111111111114
21 0.380859375 0.28611111111111115 0.09296875 0.125
36 0.52265625 0.23750000000000002 0.05625 0.13611111111111113
14 0.43671875000000004 0.2743055555555556 0.051562500000000004 0.1125
20 0.566015625 0.30347222222222225 0.04609375 0.14305555555555557
1 0.6355468750000001 0.5520833333333334 0.13359375 0.30972222222222223
3 0.6628906250000001 0.3791666666666667 0.11328125 0.18611111111111112
