23 0.2328125 0.34558823529411764 0.12395833333333334 0.4007352941176471
23 0.7338541666666667 0.38235294117647056 0.13229166666666667 0.39338235294117646
0 0.36041666666666666 0.3161764705882353 0.15208333333333332 0.23161764705882354
0 0.571875 0.2959558823529412 0.10416666666666667 0.20955882352941177
16 0.3541666666666667 0.71875 0.09583333333333333 0.27941176470588236
22 0.465625 0.2545955882352941 0.10833333333333334 0.23345588235294118
14 0.23697916666666666 0.5909926470588235 0.08854166666666667 0.17830882352941177
10 0.5302083333333333 0.7371323529411764 0.10208333333333333 0.2389705882352941
10 0.6640625 0.6222426470588235 0.08020833333333333 0.23345588235294118
7 0.4510416666666667 0.5652573529411765 0.07708333333333334 0.11948529411764705
45 0.509375 0.4577205882352941 0.2125 0.19117647058823528
38 0.6651041666666666 0.3676470588235294 0.08020833333333333 0.2426470588235294
