0 0.5625 0.590625 0.146875 0.15625
2 0.56875 0.5364583333333334 0.21875 0.03125
2 0.7109375 0.51875 0.134375 0.0375
2 0.4 0.5375 0.08125 0.125
12 0.44921875 0.7020833333333333 0.2578125 0.19583333333333333
14 0.42890625000000004 0.56875 0.07968750000000001 0.125
4 0.47734375 0.4666666666666667 0.0734375 0.09583333333333333
45 0.41953125 0.31666666666666665 0.07968750000000001 0.2375
1 0.6046875 0.3958333333333333 0.12812500000000002 0.17083333333333334
3 0.7523437500000001 0.3614583333333333 0.0734375 0.13958333333333334
