23 0.178125 0.5137867647058824 0.15625 0.4319852941176471
23 0.6572916666666666 0.2555147058823529 0.10416666666666667 0.39338235294117646
0 0.2796875 0.4099264705882353 0.153125 0.29411764705882354
0 0.465625 0.2757352941176471 0.10625 0.20220588235294118
16 0.4239583333333333 0.7931985294117647 0.09791666666666667 0.2959558823529412
22 0.3546875 0.29503676470588236 0.146875 0.20036764705882354
14 0.24635416666666665 0.7849264705882353 0.09895833333333333 0.19852941176470587
10 0.5708333333333333 0.6920955882352942 0.09375 0.2261029411764706
10 0.6536458333333334 0.5018382352941176 0.07604166666666666 0.22794117647058823
7 0.4453125 0.5909926470588235 0.07604166666666666 0.11213235294117647
45 0.46822916666666664 0.4678308823529412 0.221875 0.14522058823529413
38 0.5848958333333333 0.2849264705882353 0.065625 0.2536764705882353
