28 0.25104166666666666 0.3363970588235294 0.1125 0.2977941176470588
16 0.63125 0.18198529411764705 0.075 0.2610294117647059
14 0.7604166666666666 0.3318014705882353 0.08541666666666667 0.16727941176470587
7 0.5645833333333333 0.36121323529411764 0.0375 0.10110294117647059
2 0.3927083333333333 0.3713235294117647 0.0375 0.07720588235294118
2 0.5546875 0.24816176470588236 0.036458333333333336 0.125
2 0.7296875 0.27941176470588236 0.06354166666666666 0.11764705882352941
33 0.46458333333333335 0.19117647058823528 0.07291666666666667 0.21691176470588236
32 0.65625 0.3290441176470588 0.08333333333333333 0.25735294117647056
43 0.34322916666666664 0.35753676470588236 0.071875 0.2555147058823529
38 0.296875 0.6277573529411765 0.1875 0.18933823529411764
44 0.4067708333333333 0.6783088235294118 0.15729166666666666 0.45588235294117646
46 0.7067708333333333 0.5652573529411765 0.271875 0.3180147058823529
42 0.5286458333333334 0.4797794117647059 0.11979166666666667 0.5698529411764706
