2 0.36640625000000004 0.44895833333333335 0.09843750000000001 0.16875
2 0.4546875 0.51875 0.19687500000000002 0.075
2 0.3125 0.61875 0.21875 0.075
28 0.6195312500000001 0.434375 0.0703125 0.22708333333333333
19 0.35625 0.8010416666666667 0.265625 0.26458333333333334
19 0.5140625 0.22604166666666667 0.153125 0.26458333333333334
38 0.5828125000000001 0.6125 0.07500000000000001 0.21666666666666667
11 0.41328125000000004 0.3125 0.08281250000000001 0.19583333333333333
7 0.26953125 0.4635416666666667 0.08281250000000001 0.08125
39 0.45703125 0.4635416666666667 0.0859375 0.33541666666666664
