28 0.46406250000000004 0.12291666666666666 0.08125 0.24583333333333332
28 0.47265625 0.33541666666666664 0.0671875 0.18333333333333332
21 0.35546875 0.603125 0.19843750000000002 0.28541666666666665
21 0.54296875 0.6375 0.1765625 0.24583333333333332
21 0.36875 0.7291666666666666 0.1875 0.19166666666666665
4 0.35625 0.31979166666666664 0.10312500000000001 0.14791666666666667
4 0.6296875000000001 0.3541666666666667 0.043750000000000004 0.12083333333333333
13 0.22421875000000002 0.3458333333333333 0.1015625 0.32916666666666666
13 0.5398437500000001 0.3875 0.0671875 0.3
13 0.58515625 0.290625 0.060937500000000006 0.34791666666666665
45 0.240625 0.5666666666666667 0.23125 0.25
