23 0.3828125 0.16911764705882354 0.09479166666666666 0.3382352941176471
23 0.44687499999999997 0.7086397058823529 0.12916666666666665 0.5165441176470588
0 0.3015625 0.7022058823529411 0.16354166666666667 0.3860294117647059
0 0.23229166666666667 0.4319852941176471 0.15416666666666667 0.16544117647058823
16 0.6588541666666666 0.5073529411764706 0.09270833333333334 0.29044117647058826
22 0.20364583333333333 0.5680147058823529 0.159375 0.2977941176470588
14 0.5755208333333334 0.8005514705882353 0.13020833333333334 0.18198529411764705
10 0.49895833333333334 0.2665441176470588 0.06875 0.19117647058823528
10 0.5729166666666666 0.4117647058823529 0.10625 0.1213235294117647
7 0.5067708333333333 0.5147058823529411 0.046875 0.1213235294117647
45 0.39427083333333335 0.49080882352941174 0.09895833333333333 0.3272058823529412
38 0.3385416666666667 0.26286764705882354 0.075 0.25
