0 0.53125 0.675 0.184375 0.2125
2 0.56796875 0.5395833333333333 0.17343750000000002 0.0875
2 0.6507812500000001 0.7104166666666667 0.035937500000000004 0.2583333333333333
2 0.515625 0.85625 0.1875 0.22916666666666666
12 0.35078125000000004 0.7135416666666666 0.2171875 0.33541666666666664
14 0.4234375 0.5625 0.10312500000000001 0.10833333333333334
4 0.46171875 0.44479166666666664 0.0859375 0.11458333333333333
45 0.5554687500000001 0.2552083333333333 0.0546875 0.26875
1 0.61640625 0.39375 0.11093750000000001 0.19166666666666665
3 0.734375 0.5427083333333333 0.11875000000000001 0.15625
