26 0.6640625 0.38125 0.078125 0.19583333333333333
12 0.30390625000000004 0.6677083333333333 0.34218750000000003 0.13958333333333334
29 0.55078125 0.3260416666666667 0.0671875 0.14375
44 0.30546875 0.26666666666666666 0.0890625 0.3125
35 0.81015625 0.228125 0.09843750000000001 0.3145833333333333
20 0.375 0.4041666666666667 0.05625 0.12916666666666665
0 0.22890625 0.5052083333333334 0.16718750000000002 0.18125
0 0.7820312500000001 0.6010416666666667 0.22031250000000002 0.23541666666666666
14 0.45859375 0.3520833333333333 0.0703125 0.10416666666666667
2 0.57265625 0.5114583333333333 0.1765625 0.11875
2 0.5437500000000001 0.5864583333333333 0.215625 0.09791666666666667
