0 0.47734375 0.5770833333333333 0.1484375 0.1625
0 0.68671875 0.396875 0.0859375 0.11041666666666666
2 0.584375 0.5041666666666667 0.07187500000000001 0.06666666666666667
2 0.6039062500000001 0.5510416666666667 0.0859375 0.052083333333333336
12 0.5554687500000001 0.4166666666666667 0.09531250000000001 0.13333333333333333
29 0.8093750000000001 0.5479166666666666 0.046875 0.10833333333333334
26 0.6734375 0.5697916666666667 0.06875 0.16041666666666665
20 0.73984375 0.4552083333333333 0.0421875 0.08958333333333333
35 0.7671875 0.6677083333333333 0.1 0.3145833333333333
44 0.81171875 0.36875 0.0703125 0.22083333333333333
