1 0.26953125 0.7388888888888889 0.12812500000000002 0.28055555555555556
23 0.396484375 0.41875 0.055468750000000004 0.2652777777777778
37 0.252734375 0.5770833333333334 0.18203125 0.17083333333333334
47 0.29609375 0.3979166666666667 0.1203125 0.20416666666666666
21 0.53359375 0.40694444444444444 0.0859375 0.1388888888888889
20 0.55234375 0.6527777777777778 0.060937500000000006 0.15555555555555556
17 0.417578125 0.53125 0.07265625 0.23472222222222222
14 0.587109375 0.46805555555555556 0.05859375 0.11944444444444445
3 0.41445312500000003 0.7868055555555555 0.07734375 0.22083333333333335
2 0.48945312500000004 0.8368055555555556 0.21640625000000002 0.16805555555555557
36 0.58828125 0.5680555555555555 0.21406250000000002 0.15
34 0.464453125 0.41458333333333336 0.07421875 0.24305555555555555
