47 0.2765625 0.19583333333333333 0.078125 0.14583333333333334
46 0.3953125 0.21041666666666667 0.05625 0.29583333333333334
39 0.3171875 0.4552083333333333 0.1125 0.40625
40 0.2421875 0.38229166666666664 0.078125 0.3770833333333333
43 0.42890625000000004 0.375 0.0859375 0.37916666666666665
41 0.5242187500000001 0.49166666666666664 0.1015625 0.4458333333333333
41 0.5828125000000001 0.36041666666666666 0.08125 0.3833333333333333
42 0.49843750000000003 0.23020833333333332 0.0625 0.21041666666666667
45 0.66328125 0.2833333333333333 0.0734375 0.29583333333333334
48 0.7296875 0.36666666666666664 0.1 0.3833333333333333
