39 0.6726562500000001 0.2635416666666667 0.0734375 0.25625
31 0.625 0.4552083333333333 0.07500000000000001 0.22291666666666665
19 0.5796875 0.31354166666666666 0.134375 0.20208333333333334
19 0.72265625 0.5072916666666667 0.15781250000000002 0.24791666666666667
18 0.41875 0.571875 0.20625000000000002 0.27291666666666664
4 0.7210937500000001 0.38645833333333335 0.0734375 0.09375
10 0.359375 0.34791666666666665 0.0625 0.1125
10 0.546875 0.24583333333333332 0.08125 0.0875
47 0.284375 0.40729166666666666 0.096875 0.26875
27 0.48203125 0.27291666666666664 0.0671875 0.12916666666666665
28 0.60703125 0.603125 0.07968750000000001 0.19375
