0 0.35468750000000004 0.5895833333333333 0.153125 0.15833333333333333
0 0.5921875 0.4458333333333333 0.08125 0.09166666666666666
2 0.47578125000000004 0.5322916666666666 0.0859375 0.04791666666666666
2 0.48359375000000004 0.5854166666666667 0.07968750000000001 0.04583333333333333
12 0.4609375 0.44687499999999997 0.115625 0.12291666666666666
29 0.6742187500000001 0.60625 0.0546875 0.12083333333333333
26 0.546875 0.6010416666666667 0.065625 0.15208333333333332
20 0.6312500000000001 0.5083333333333333 0.046875 0.09166666666666666
35 0.60859375 0.6989583333333333 0.1046875 0.3020833333333333
44 0.7046875 0.434375 0.07187500000000001 0.21041666666666667
