23 0.315625 0.2150735294117647 0.10625 0.375
23 0.7036458333333333 0.5091911764705882 0.121875 0.4632352941176471
0 0.4609375 0.27941176470588236 0.14270833333333333 0.20220588235294118
0 0.634375 0.3915441176470588 0.08125 0.22058823529411764
16 0.2598958333333333 0.53125 0.109375 0.27205882352941174
22 0.5776041666666667 0.2922794117647059 0.06145833333333333 0.25735294117647056
14 0.28541666666666665 0.3998161764705882 0.06666666666666667 0.11948529411764705
10 0.41041666666666665 0.6911764705882353 0.13958333333333334 0.21323529411764705
10 0.5546875 0.6911764705882353 0.096875 0.25
7 0.42552083333333335 0.5128676470588235 0.06979166666666667 0.1213235294117647
45 0.5208333333333334 0.4650735294117647 0.15625 0.2610294117647059
