21 0.475390625 0.6902777777777778 0.11328125 0.23333333333333334
39 0.48281250000000003 0.4131944444444445 0.21875 0.1375
42 0.47421875 0.3763888888888889 0.07187500000000001 0.3861111111111111
3 0.5984375000000001 0.24722222222222223 0.0921875 0.15
25 0.41132812500000004 0.16736111111111113 0.20234375000000002 0.32916666666666666
2 0.568359375 0.32916666666666666 0.11640625 0.030555555555555558
19 0.6550781250000001 0.576388888888889 0.21953125 0.3055555555555556
16 0.30781250000000004 0.4215277777777778 0.0734375 0.22361111111111112
20 0.225 0.48194444444444445 0.0703125 0.15555555555555556
4 0.291015625 0.5965277777777778 0.09296875 0.16527777777777777
