15 0.65546875 0.559375 0.17343750000000002 0.21041666666666667
20 0.47109375000000003 0.5010416666666666 0.0546875 0.12291666666666666
22 0.3140625 0.4739583333333333 0.15937500000000002 0.11875
19 0.3453125 0.5697916666666667 0.184375 0.15208333333333332
28 0.49140625000000004 0.42083333333333334 0.0921875 0.12916666666666665
10 0.390625 0.4083333333333333 0.096875 0.07083333333333333
38 0.60859375 0.49166666666666664 0.1078125 0.13333333333333333
39 0.54296875 0.30833333333333335 0.060937500000000006 0.2708333333333333
40 0.446875 0.6854166666666667 0.290625 0.12916666666666665
2 0.546875 0.6395833333333333 0.109375 0.16666666666666666
