47 0.3328125 0.178125 0.06875 0.15208333333333332
46 0.47968750000000004 0.21145833333333333 0.046875 0.3145833333333333
39 0.23984375000000002 0.40625 0.11406250000000001 0.3833333333333333
40 0.2625 0.321875 0.09375 0.32708333333333334
43 0.39140625 0.359375 0.0734375 0.3645833333333333
41 0.5265625 0.38229166666666664 0.096875 0.38958333333333334
41 0.36328125 0.4864583333333333 0.1203125 0.4354166666666667
45 0.70625 0.32395833333333335 0.059375000000000004 0.3229166666666667
48 0.59375 0.24270833333333333 0.0625 0.30625
48 0.6671875 0.42291666666666666 0.10312500000000001 0.4125
