23 0.3328125 0.5354166666666667 0.25 0.25416666666666665
2 0.575390625 0.3451388888888889 0.08203125 0.05694444444444444
47 0.31171875000000004 0.7256944444444444 0.2265625 0.4013888888888889
37 0.544140625 0.6486111111111111 0.19765625 0.27222222222222225
34 0.30390625000000004 0.45208333333333334 0.225 0.1902777777777778
17 0.47968750000000004 0.3729166666666667 0.07500000000000001 0.2652777777777778
21 0.31484375000000003 0.35208333333333336 0.1046875 0.11805555555555557
36 0.41914062500000004 0.3013888888888889 0.05859375 0.18333333333333335
1 0.663671875 0.4625 0.12265625000000001 0.2638888888888889
3 0.61875 0.3368055555555556 0.10625000000000001 0.19305555555555556
