23 0.42604166666666665 0.1920955882352941 0.08958333333333333 0.3694852941176471
23 0.3572916666666667 0.7261029411764706 0.14583333333333334 0.5183823529411765
0 0.26197916666666665 0.6939338235294118 0.121875 0.3694852941176471
0 0.2630208333333333 0.42830882352941174 0.14895833333333333 0.15441176470588236
16 0.6317708333333333 0.5928308823529411 0.090625 0.31066176470588236
22 0.20416666666666666 0.5477941176470588 0.16875 0.27205882352941174
14 0.5020833333333333 0.8667279411764706 0.14166666666666666 0.2113970588235294
10 0.5307291666666667 0.3226102941176471 0.06770833333333333 0.19301470588235295
10 0.5692708333333333 0.4797794117647059 0.09270833333333334 0.1323529411764706
7 0.48072916666666665 0.5634191176470588 0.07395833333333333 0.12316176470588235
45 0.4192708333333333 0.4806985294117647 0.090625 0.22242647058823528
38 0.3755208333333333 0.2913602941176471 0.06979166666666667 0.24816176470588236
