28 0.1671875 0.8051470588235294 0.15729166666666666 0.3676470588235294
16 0.196875 0.3244485294117647 0.10625 0.2555147058823529
7 0.29375 0.47518382352941174 0.07708333333333334 0.12683823529411764
2 0.16614583333333333 0.5110294117647058 0.12604166666666666 0.06985294117647059
2 0.28489583333333335 0.34650735294117646 0.10104166666666667 0.13419117647058823
33 0.065625 0.5284926470588235 0.12291666666666666 0.24816176470588236
32 0.35260416666666666 0.31066176470588236 0.084375 0.23161764705882354
43 0.1484375 0.7794117647058824 0.296875 0.21691176470588236
38 0.4708333333333333 0.7527573529411764 0.08958333333333333 0.3327205882352941
44 0.5328125 0.5716911764705882 0.2760416666666667 0.22058823529411764
46 0.5161458333333333 0.35661764705882354 0.184375 0.2610294117647059
42 0.5442708333333334 0.3005514705882353 0.084375 0.45036764705882354
