1 0.36640625000000004 0.33611111111111114 0.1046875 0.23611111111111113
23 0.6390625000000001 0.40972222222222227 0.2015625 0.13055555555555556
37 0.500390625 0.2881944444444445 0.10078125 0.2152777777777778
47 0.5890625 0.19236111111111112 0.05 0.30972222222222223
34 0.495703125 0.6729166666666667 0.07734375 0.39583333333333337
21 0.6703125000000001 0.6423611111111112 0.1125 0.20972222222222223
20 0.42812500000000003 0.6798611111111111 0.046875 0.1736111111111111
17 0.48984375 0.45069444444444445 0.0765625 0.24861111111111112
14 0.59296875 0.7458333333333333 0.10625000000000001 0.17500000000000002
3 0.36835937500000004 0.5694444444444444 0.11328125 0.18333333333333335
2 0.44648437500000004 0.48541666666666666 0.02890625 0.25972222222222224
36 0.6531250000000001 0.5229166666666667 0.19375 0.15416666666666667
