23 0.540625 0.17463235294117646 0.07708333333333334 0.3492647058823529
23 0.22552083333333334 0.6847426470588235 0.159375 0.4430147058823529
0 0.24479166666666666 0.4963235294117647 0.1125 0.25
0 0.3421875 0.296875 0.14270833333333333 0.2150735294117647
16 0.540625 0.7389705882352942 0.08958333333333333 0.29411764705882354
22 0.2546875 0.3694852941176471 0.171875 0.15808823529411764
14 0.3411458333333333 0.9090073529411764 0.121875 0.17830882352941177
10 0.5994791666666667 0.3676470588235294 0.078125 0.21323529411764705
10 0.5895833333333333 0.5689338235294118 0.125 0.20404411764705882
7 0.45729166666666665 0.5744485294117647 0.075 0.11580882352941177
45 0.41562499999999997 0.47518382352941174 0.20625 0.24816176470588236
38 0.4734375 0.2233455882352941 0.05520833333333333 0.24816176470588236
