23 0.12135416666666667 0.4926470588235294 0.15729166666666666 0.4375
23 0.5973958333333333 0.25643382352941174 0.09479166666666666 0.38786764705882354
0 0.22864583333333333 0.4099264705882353 0.153125 0.27941176470588236
0 0.4166666666666667 0.2867647058823529 0.10416666666666667 0.1875
16 0.36302083333333335 0.7509191176470588 0.10104166666666667 0.30330882352941174
22 0.3067708333333333 0.3005514705882353 0.146875 0.19301470588235295
14 0.19010416666666666 0.75 0.10104166666666667 0.19117647058823528
10 0.5125 0.6700367647058824 0.09166666666666666 0.2150735294117647
10 0.5947916666666666 0.4926470588235294 0.07291666666666667 0.23529411764705882
7 0.390625 0.5735294117647058 0.075 0.10661764705882353
45 0.41302083333333334 0.4632352941176471 0.221875 0.14338235294117646
38 0.5291666666666667 0.2895220588235294 0.05625 0.23713235294117646
