9 0.41875 0.6489583333333333 0.14375000000000002 0.21041666666666667
9 0.4421875 0.45 0.084375 0.15
7 0.62265625 0.6166666666666667 0.0921875 0.1125
34 0.7484375000000001 0.19375 0.07500000000000001 0.3
27 0.8640625000000001 0.4 0.096875 0.1875
16 0.27187500000000003 0.409375 0.14375000000000002 0.11875
26 0.521875 0.3 0.06875 0.17083333333333334
12 0.20390625 0.6229166666666667 0.29531250000000003 0.3
33 0.27968750000000003 0.30416666666666664 0.08125 0.14583333333333334
29 0.8609375 0.5583333333333333 0.109375 0.20416666666666666
