39 0.57578125 0.20833333333333334 0.06406250000000001 0.25416666666666665
31 0.66953125 0.3802083333333333 0.08281250000000001 0.24375
19 0.4921875 0.29375 0.12187500000000001 0.1875
19 0.6796875 0.37916666666666665 0.171875 0.14583333333333334
18 0.5578125 0.609375 0.21250000000000002 0.28541666666666665
4 0.6359375 0.27708333333333335 0.0625 0.07916666666666666
10 0.31015625 0.484375 0.0765625 0.12708333333333333
10 0.40468750000000003 0.2708333333333333 0.053125000000000006 0.09166666666666666
47 0.39140625 0.5625 0.0921875 0.2791666666666667
27 0.37812500000000004 0.334375 0.10625000000000001 0.11458333333333333
28 0.73203125 0.496875 0.0890625 0.18958333333333333
