0 0.8460937500000001 0.5677083333333334 0.16718750000000002 0.22291666666666665
4 0.50703125 0.5770833333333333 0.1015625 0.14583333333333334
26 0.25390625 0.48125 0.1390625 0.1375
29 0.6859375000000001 0.4979166666666667 0.08125 0.175
47 0.7734375 0.303125 0.09375 0.33958333333333335
7 0.44062500000000004 0.35520833333333335 0.05625 0.08125
16 0.32578125 0.3729166666666667 0.08281250000000001 0.19166666666666665
31 0.3203125 0.19479166666666667 0.065625 0.18125
13 0.634375 0.24895833333333334 0.059375000000000004 0.32708333333333334
6 0.77265625 0.3072916666666667 0.20468750000000002 0.18541666666666667
