23 0.325 0.15441176470588236 0.10416666666666667 0.3088235294117647
23 0.425 0.7876838235294118 0.10833333333333334 0.31066176470588236
0 0.20833333333333334 0.4540441176470588 0.13125 0.1838235294117647
0 0.296875 0.7408088235294118 0.15 0.3235294117647059
16 0.590625 0.5238970588235294 0.07916666666666666 0.22058823529411764
22 0.20625 0.6158088235294118 0.13333333333333333 0.25735294117647056
14 0.5302083333333333 0.7987132352941176 0.10208333333333333 0.15992647058823528
10 0.44166666666666665 0.2426470588235294 0.06875 0.17279411764705882
10 0.5161458333333333 0.38878676470588236 0.09895833333333333 0.11948529411764705
7 0.4473958333333333 0.5202205882352942 0.06145833333333333 0.1213235294117647
45 0.36302083333333335 0.4889705882352941 0.078125 0.34191176470588236
38 0.290625 0.2601102941176471 0.08125 0.2113970588235294
