9 0.4765625 0.353125 0.17500000000000002 0.08958333333333333
9 0.48750000000000004 0.728125 0.178125 0.32708333333333334
22 0.6203125 0.484375 0.2 0.13958333333333334
22 0.56015625 0.3927083333333333 0.1609375 0.09375
13 0.66015625 0.40729166666666666 0.0859375 0.48125
4 0.4265625 0.46249999999999997 0.1 0.14583333333333334
4 0.30390625000000004 0.6833333333333333 0.1265625 0.17916666666666667
4 0.26171875 0.390625 0.11406250000000001 0.08958333333333333
24 0.19375 0.490625 0.1375 0.21875
24 0.30078125 0.5166666666666666 0.1296875 0.17916666666666667
