13 0.325 0.4083333333333333 0.078125 0.2625
13 0.571875 0.4947916666666667 0.053125000000000006 0.26875
13 0.46328125000000003 0.6010416666666667 0.1609375 0.18541666666666667
22 0.3796875 0.6052083333333333 0.146875 0.16041666666666665
22 0.36953125000000003 0.6770833333333334 0.1609375 0.1125
28 0.434375 0.3697916666666667 0.053125000000000006 0.13541666666666666
28 0.4296875 0.4708333333333333 0.12187500000000001 0.075
30 0.5609375 0.4666666666666667 0.12187500000000001 0.05416666666666667
30 0.5789062500000001 0.38125 0.0421875 0.14166666666666666
30 0.5484375 0.5208333333333334 0.13125 0.0625
