0 0.4453125 0.6833333333333333 0.20625000000000002 0.2791666666666667
1 0.63046875 0.346875 0.1453125 0.21875
2 0.36484375 0.378125 0.2328125 0.10625
2 0.45156250000000003 0.64375 0.30625 0.075
2 0.77109375 0.5625 0.3015625 0.08333333333333333
3 0.75 0.5947916666666666 0.171875 0.21041666666666667
4 0.46484375 0.4552083333333333 0.1015625 0.14791666666666667
45 0.478125 0.14479166666666665 0.07500000000000001 0.2895833333333333
12 0.20625000000000002 0.6364583333333333 0.18125000000000002 0.4354166666666667
14 0.3140625 0.45729166666666665 0.13125 0.14375
