1 0.4265625 0.24930555555555556 0.10312500000000001 0.2125
23 0.5789062500000001 0.55 0.24375000000000002 0.25833333333333336
37 0.5652343750000001 0.3215277777777778 0.08828125 0.23750000000000002
47 0.6902343750000001 0.42986111111111114 0.25859375 0.14027777777777778
21 0.44960937500000003 0.70625 0.12265625000000001 0.2125
20 0.29296875 0.5493055555555556 0.0734375 0.1486111111111111
17 0.42890625000000004 0.4041666666666667 0.08125 0.25277777777777777
14 0.35000000000000003 0.7631944444444445 0.09062500000000001 0.16805555555555557
3 0.322265625 0.3506944444444445 0.08515625 0.19583333333333333
2 0.27773437500000003 0.48958333333333337 0.08359375000000001 0.19583333333333333
36 0.28125 0.6979166666666667 0.25625000000000003 0.3180555555555556
34 0.5457031250000001 0.638888888888889 0.24296875 0.24444444444444446
