23 0.16614583333333333 0.2821691176470588 0.13854166666666667 0.40625
23 0.6380208333333334 0.41911764705882354 0.10729166666666666 0.46691176470588236
0 0.3229166666666667 0.3069852941176471 0.15625 0.20220588235294118
0 0.5364583333333334 0.34650735294117646 0.11041666666666666 0.19669117647058823
16 0.171875 0.6305147058823529 0.13125 0.3088235294117647
22 0.4401041666666667 0.28125 0.08854166666666667 0.2426470588235294
14 0.13854166666666667 0.5 0.0875 0.15073529411764705
10 0.3645833333333333 0.7261029411764706 0.14375 0.2463235294117647
10 0.5208333333333334 0.6516544117647058 0.0875 0.2702205882352941
7 0.34010416666666665 0.5422794117647058 0.08020833333333333 0.11764705882352941
45 0.42291666666666666 0.4650735294117647 0.18541666666666667 0.21323529411764705
38 0.5833333333333334 0.41268382352941174 0.029166666666666667 0.2738970588235294
