20 0.18476562500000002 0.4916666666666667 0.06640625 0.1527777777777778
36 0.515625 0.1638888888888889 0.065625 0.3277777777777778
38 0.40664062500000003 0.20277777777777778 0.05234375 0.20277777777777778
34 0.60078125 0.23750000000000002 0.0671875 0.35555555555555557
39 0.452734375 0.26666666666666666 0.06796875000000001 0.35555555555555557
11 0.455078125 0.6638888888888889 0.10078125 0.26944444444444443
37 0.2671875 0.33263888888888893 0.09843750000000001 0.3013888888888889
42 0.429296875 0.4076388888888889 0.07421875 0.3819444444444445
14 0.326171875 0.28194444444444444 0.07421875 0.10555555555555556
19 0.6015625 0.5423611111111112 0.2015625 0.2569444444444445
1 0.32265625000000003 0.5701388888888889 0.12812500000000002 0.27361111111111114
