23 0.459375 0.16636029411764705 0.07916666666666666 0.3327205882352941
23 0.2859375 0.8226102941176471 0.14479166666666665 0.3069852941176471
0 0.2916666666666667 0.35018382352941174 0.1375 0.20036764705882354
0 0.24114583333333334 0.6626838235294118 0.10104166666666667 0.29963235294117646
16 0.553125 0.7362132352941176 0.07916666666666666 0.22242647058823528
22 0.23020833333333332 0.48713235294117646 0.15625 0.19117647058823528
14 0.403125 0.9329044117647058 0.10625 0.13051470588235295
10 0.5609375 0.5367647058823529 0.11562499999999999 0.1764705882352941
10 0.5442708333333334 0.3428308823529412 0.06979166666666667 0.18198529411764705
7 0.4484375 0.5974264705882353 0.06979166666666667 0.11764705882352941
45 0.39375 0.5064338235294118 0.15833333333333333 0.31066176470588236
38 0.40572916666666664 0.24448529411764705 0.065625 0.21323529411764705
