0 0.5640625 0.5927083333333333 0.1625 0.23958333333333334
2 0.496875 0.475 0.09062500000000001 0.19583333333333333
2 0.6664062500000001 0.5302083333333333 0.1703125 0.18125
2 0.66328125 0.7479166666666667 0.045312500000000006 0.3125
12 0.42500000000000004 0.771875 0.359375 0.18958333333333333
14 0.39609375 0.5927083333333333 0.09843750000000001 0.13958333333333334
4 0.3453125 0.46041666666666664 0.096875 0.13333333333333333
45 0.3375 0.21770833333333334 0.10625000000000001 0.29375
1 0.4546875 0.309375 0.12187500000000001 0.20208333333333334
3 0.6257812500000001 0.353125 0.1203125 0.14375
