23 0.2994791666666667 0.20220588235294118 0.10104166666666667 0.3786764705882353
23 0.6229166666666667 0.6360294117647058 0.12916666666666665 0.4522058823529412
0 0.21770833333333334 0.5643382352941176 0.15208333333333332 0.2426470588235294
0 0.428125 0.7389705882352942 0.19583333333333333 0.3235294117647059
16 0.6583333333333333 0.3639705882352941 0.08125 0.1764705882352941
22 0.2817708333333333 0.6773897058823529 0.11145833333333333 0.35110294117647056
14 0.6890625 0.6700367647058824 0.065625 0.20404411764705882
10 0.42343749999999997 0.2693014705882353 0.06979166666666667 0.19301470588235295
10 0.5270833333333333 0.36672794117647056 0.11041666666666666 0.12683823529411764
7 0.5052083333333334 0.4880514705882353 0.06875 0.11580882352941177
45 0.41822916666666665 0.49724264705882354 0.109375 0.2849264705882353
38 0.28020833333333334 0.3327205882352941 0.07916666666666666 0.2536764705882353
