0 0.16484375 0.6270833333333333 0.1390625 0.20833333333333334
0 0.25078125 0.33229166666666665 0.1015625 0.11041666666666666
14 0.3984375 0.4479166666666667 0.05 0.075
2 0.21015625000000002 0.4875 0.0484375 0.1
2 0.27421875 0.5302083333333333 0.08281250000000001 0.11041666666666666
12 0.134375 0.37604166666666666 0.0625 0.18958333333333333
29 0.4265625 0.5010416666666666 0.059375000000000004 0.10625
26 0.35390625000000003 0.55625 0.060937500000000006 0.1375
20 0.3328125 0.390625 0.043750000000000004 0.08541666666666667
35 0.48671875000000003 0.6489583333333333 0.1015625 0.23541666666666666
44 0.384375 0.31145833333333334 0.053125000000000006 0.20625
