1 0.302734375 0.46111111111111114 0.13359375 0.225
23 0.598828125 0.45555555555555555 0.20859375000000002 0.24166666666666667
37 0.425390625 0.37083333333333335 0.14296875 0.19166666666666668
47 0.5750000000000001 0.33055555555555555 0.1078125 0.225
21 0.66796875 0.6027777777777777 0.1171875 0.22222222222222224
20 0.44140625 0.7722222222222223 0.0765625 0.2
17 0.4625 0.5048611111111111 0.0859375 0.27083333333333337
14 0.63828125 0.7715277777777778 0.11093750000000001 0.19583333333333333
3 0.29296875 0.6402777777777778 0.140625 0.225
2 0.32109375 0.8250000000000001 0.1125 0.19722222222222224
36 0.55703125 0.8076388888888889 0.1203125 0.3763888888888889
34 0.6414062500000001 0.5326388888888889 0.2 0.2263888888888889
