25 0.65234375 0.49444444444444446 0.13593750000000002 0.5472222222222223
21 0.29921875000000003 0.3666666666666667 0.115625 0.19722222222222224
39 0.44179687500000003 0.49097222222222225 0.13671875 0.3763888888888889
16 0.5339843750000001 0.3111111111111111 0.12734375 0.1527777777777778
19 0.23984375000000002 0.6256944444444444 0.18281250000000002 0.3736111111111111
4 0.433203125 0.23819444444444446 0.06796875000000001 0.13472222222222222
20 0.527734375 0.21458333333333335 0.05078125 0.13472222222222222
3 0.505859375 0.8354166666666667 0.12890625 0.24305555555555555
2 0.4859375 0.6993055555555556 0.125 0.28750000000000003
42 0.38203125000000004 0.31875000000000003 0.078125 0.39583333333333337
