0 0.56640625 0.6020833333333333 0.16718750000000002 0.29583333333333334
2 0.734375 0.4708333333333333 0.178125 0.09583333333333333
2 0.7421875 0.6125 0.19687500000000002 0.15416666666666667
2 0.77109375 0.8291666666666666 0.0859375 0.3375
12 0.465625 0.8052083333333333 0.4375 0.24375
14 0.38593750000000004 0.6177083333333333 0.140625 0.17291666666666666
4 0.40234375 0.47604166666666664 0.1078125 0.14375
45 0.2890625 0.2708333333333333 0.09375 0.36666666666666664
1 0.5554687500000001 0.3645833333333333 0.1609375 0.21666666666666667
3 0.703125 0.328125 0.12812500000000002 0.17708333333333334
