10 0.665625 0.48125 0.078125 0.1375
10 0.6578125 0.559375 0.1 0.10625
10 0.33984375 0.3927083333333333 0.09843750000000001 0.08958333333333333
28 0.609375 0.3885416666666667 0.05625 0.15625
28 0.5703125 0.46979166666666666 0.125 0.08958333333333333
28 0.5546875 0.49374999999999997 0.053125000000000006 0.175
44 0.41171875 0.5625 0.0765625 0.2625
44 0.40859375000000003 0.46458333333333335 0.1859375 0.11666666666666667
12 0.3796875 0.4041666666666667 0.12812500000000002 0.15416666666666667
12 0.49765625 0.37916666666666665 0.15156250000000002 0.1
