39 0.4296875 0.23020833333333332 0.06875 0.2520833333333333
31 0.6203125 0.271875 0.06875 0.23541666666666666
19 0.38046875 0.38645833333333335 0.2015625 0.18541666666666667
19 0.53828125 0.303125 0.1171875 0.15208333333333332
18 0.6984375 0.5052083333333334 0.20625000000000002 0.2604166666666667
4 0.47968750000000004 0.26458333333333334 0.043750000000000004 0.1
10 0.29765625 0.44479166666666664 0.09531250000000001 0.12708333333333333
10 0.44921875 0.6479166666666667 0.1171875 0.12083333333333333
47 0.66171875 0.5770833333333333 0.1046875 0.2875
27 0.37343750000000003 0.5770833333333333 0.12812500000000002 0.1375
28 0.7140625 0.29791666666666666 0.07500000000000001 0.17083333333333334
