21 0.5546875 0.2583333333333333 0.096875 0.1
21 0.565625 0.3458333333333333 0.096875 0.09166666666666666
21 0.5640625 0.42916666666666664 0.09062500000000001 0.07916666666666666
26 0.58046875 0.5145833333333333 0.0671875 0.15416666666666667
37 0.63984375 0.42083333333333334 0.06406250000000001 0.2125
37 0.359375 0.46979166666666666 0.07187500000000001 0.22708333333333333
43 0.38671875 0.378125 0.060937500000000006 0.24791666666666667
41 0.46171875 0.365625 0.06406250000000001 0.18541666666666667
3 0.46718750000000003 0.47812499999999997 0.1 0.07708333333333334
3 0.46875 0.5364583333333334 0.10312500000000001 0.06875
