28 0.6161458333333333 0.1323529411764706 0.07395833333333333 0.2463235294117647
16 0.5864583333333333 0.6810661764705882 0.12916666666666665 0.4209558823529412
14 0.3140625 0.8786764705882353 0.16354166666666667 0.2389705882352941
7 0.4869791666666667 0.5349264705882353 0.090625 0.14338235294117646
2 0.6458333333333334 0.4071691176470588 0.12083333333333333 0.04595588235294117
2 0.7395833333333334 0.7159926470588235 0.19166666666666665 0.19301470588235295
2 0.4473958333333333 0.84375 0.09270833333333334 0.3088235294117647
33 0.7546875 0.45588235294117646 0.11770833333333333 0.31985294117647056
32 0.35 0.5854779411764706 0.12291666666666666 0.3327205882352941
43 0.6635416666666667 0.3115808823529412 0.2875 0.14522058823529413
38 0.40729166666666666 0.25919117647058826 0.10625 0.19852941176470587
44 0.3177083333333333 0.33731617647058826 0.13958333333333334 0.22242647058823528
46 0.15260416666666665 0.6323529411764706 0.3052083333333333 0.3235294117647059
42 0.209375 0.2426470588235294 0.13125 0.4852941176470588
