1 0.390234375 0.26944444444444443 0.09765625 0.2
23 0.5261718750000001 0.5097222222222222 0.17890625000000002 0.18888888888888888
37 0.5015625 0.31180555555555556 0.040625 0.21805555555555556
47 0.6078125000000001 0.4 0.16875 0.06944444444444445
34 0.5046875000000001 0.5861111111111111 0.1859375 0.18888888888888888
21 0.444921875 0.638888888888889 0.08671875000000001 0.17500000000000002
20 0.29921875000000003 0.5263888888888889 0.0484375 0.11111111111111112
17 0.404296875 0.40902777777777777 0.05859375 0.20416666666666666
14 0.36484375 0.6986111111111112 0.0859375 0.11111111111111112
3 0.3375 0.40902777777777777 0.084375 0.16805555555555557
2 0.27109375 0.46111111111111114 0.0734375 0.2111111111111111
36 0.316015625 0.6486111111111111 0.17734375000000002 0.225
