23 0.10677083333333333 0.6323529411764706 0.14895833333333333 0.3161764705882353
23 0.5328125 0.2711397058823529 0.071875 0.32169117647058826
0 0.3463541666666667 0.8446691176470588 0.134375 0.28125
0 0.5119791666666667 0.5303308823529411 0.134375 0.2702205882352941
16 0.3494791666666667 0.2233455882352941 0.07395833333333333 0.2113970588235294
22 0.4578125 0.7233455882352942 0.16145833333333334 0.19301470588235295
14 0.4739583333333333 0.296875 0.052083333333333336 0.12316176470588235
10 0.16302083333333334 0.5036764705882353 0.08020833333333333 0.19117647058823528
10 0.2557291666666667 0.3988970588235294 0.07604166666666666 0.17279411764705882
7 0.3536458333333333 0.44025735294117646 0.06354166666666666 0.0974264705882353
45 0.3328125 0.5579044117647058 0.21770833333333334 0.17463235294117646
38 0.19947916666666665 0.7178308823529411 0.103125 0.20036764705882354
