39 0.70703125 0.34791666666666665 0.0890625 0.26666666666666666
31 0.5484375 0.496875 0.07187500000000001 0.24791666666666667
19 0.665625 0.3729166666666667 0.184375 0.15833333333333333
19 0.65546875 0.5885416666666666 0.16718750000000002 0.27708333333333335
18 0.35781250000000003 0.490625 0.19687500000000002 0.25625
4 0.7265625 0.4979166666666667 0.084375 0.1125
10 0.43984375000000003 0.2833333333333333 0.0921875 0.1125
10 0.6609375000000001 0.275 0.08750000000000001 0.0625
47 0.2984375 0.26875 0.08125 0.2375
27 0.5750000000000001 0.2739583333333333 0.07187500000000001 0.11875
28 0.46406250000000004 0.5979166666666667 0.06875 0.19166666666666665
