20 0.1765625 0.4444444444444445 0.0578125 0.13055555555555556
36 0.529296875 0.2569444444444445 0.06328125 0.33611111111111114
38 0.446875 0.2659722222222222 0.046875 0.2013888888888889
34 0.579296875 0.375 0.07421875 0.35833333333333334
39 0.423828125 0.34444444444444444 0.07578125000000001 0.35833333333333334
11 0.31289062500000003 0.7229166666666667 0.10859375 0.27361111111111114
37 0.264453125 0.3368055555555556 0.09453125000000001 0.27361111111111114
42 0.34921875 0.4708333333333333 0.09062500000000001 0.36944444444444446
14 0.365234375 0.30347222222222225 0.06171875 0.10694444444444445
19 0.521875 0.6736111111111112 0.22968750000000002 0.2638888888888889
1 0.24531250000000002 0.5756944444444445 0.1328125 0.2569444444444445
