23 0.18958333333333333 0.7371323529411764 0.16458333333333333 0.3272058823529412
23 0.5609375 0.23253676470588236 0.078125 0.3584558823529412
0 0.5755208333333334 0.4898897058823529 0.11979166666666667 0.2702205882352941
0 0.4583333333333333 0.8575367647058824 0.1625 0.28125
16 0.359375 0.25183823529411764 0.08333333333333333 0.22058823529411764
22 0.5567708333333333 0.6985294117647058 0.171875 0.16911764705882354
14 0.4979166666666667 0.27849264705882354 0.06875 0.12316176470588235
10 0.2859375 0.46691176470588236 0.09270833333333334 0.1875
10 0.2125 0.5992647058823529 0.09375 0.19117647058823528
7 0.39479166666666665 0.4678308823529412 0.06666666666666667 0.10845588235294118
45 0.396875 0.5891544117647058 0.21875 0.22977941176470587
38 0.2890625 0.7987132352941176 0.103125 0.21875
