20 0.5942708333333333 0.6158088235294118 0.06354166666666666 0.17279411764705882
14 0.7057291666666666 0.45496323529411764 0.08854166666666667 0.13786764705882354
10 0.375 0.3235294117647059 0.0625 0.1323529411764706
10 0.515625 0.26838235294117646 0.0875 0.13602941176470587
0 0.3140625 0.42371323529411764 0.15729166666666666 0.23713235294117646
1 0.46197916666666666 0.32169117647058826 0.10104166666666667 0.20220588235294118
7 0.5682291666666667 0.4016544117647059 0.06354166666666666 0.11213235294117647
32 0.4953125 0.45588235294117646 0.06979166666666667 0.23161764705882354
29 0.2421875 0.5386029411764706 0.09270833333333334 0.21323529411764705
16 0.6307291666666667 0.26838235294117646 0.071875 0.23161764705882354
21 0.38645833333333335 0.6194852941176471 0.11666666666666667 0.22058823529411764
