20 0.54453125 0.5277777777777778 0.0484375 0.13333333333333333
14 0.35468750000000004 0.44722222222222224 0.065625 0.10277777777777779
1 0.5867187500000001 0.36875 0.0890625 0.1902777777777778
19 0.5261718750000001 0.21666666666666667 0.11171875 0.12222222222222223
11 0.6195312500000001 0.25416666666666665 0.060937500000000006 0.19444444444444445
38 0.34101562500000004 0.3013888888888889 0.049218750000000006 0.18888888888888888
42 0.544921875 0.22083333333333335 0.055468750000000004 0.2972222222222222
39 0.451171875 0.20833333333333334 0.055468750000000004 0.2916666666666667
36 0.35585937500000003 0.1625 0.05859375 0.2777777777777778
34 0.419921875 0.125 0.04453125 0.25
37 0.483984375 0.38958333333333334 0.05859375 0.25972222222222224
