23 0.24114583333333334 0.5606617647058824 0.12395833333333334 0.4117647058823529
23 0.6505208333333333 0.2545955882352941 0.10729166666666666 0.36580882352941174
0 0.3171875 0.4329044117647059 0.109375 0.2775735294117647
0 0.45729166666666665 0.28125 0.11666666666666667 0.20220588235294118
16 0.5026041666666666 0.7858455882352942 0.09479166666666666 0.2775735294117647
22 0.35833333333333334 0.3125 0.14791666666666667 0.1838235294117647
14 0.3140625 0.8033088235294118 0.103125 0.19117647058823528
10 0.6057291666666667 0.6700367647058824 0.10520833333333333 0.20036764705882354
10 0.6640625 0.48253676470588236 0.084375 0.2113970588235294
7 0.48125 0.5928308823529411 0.07083333333333333 0.10845588235294118
45 0.48072916666666665 0.47058823529411764 0.21562499999999998 0.16544117647058823
38 0.578125 0.28308823529411764 0.07083333333333333 0.22426470588235295
