1 0.5164062500000001 0.5958333333333333 0.1046875 0.24722222222222223
23 0.34765625 0.43333333333333335 0.18281250000000002 0.1527777777777778
37 0.373828125 0.6444444444444445 0.06640625 0.2777777777777778
47 0.2734375 0.5569444444444445 0.16718750000000002 0.17777777777777778
34 0.3765625 0.3590277777777778 0.1703125 0.08472222222222223
21 0.40625 0.2847222222222222 0.06875 0.1388888888888889
20 0.5535156250000001 0.3472222222222222 0.05078125 0.13055555555555556
17 0.4625 0.40972222222222227 0.06406250000000001 0.20555555555555557
14 0.47265625 0.26666666666666666 0.0578125 0.10277777777777779
3 0.536328125 0.4236111111111111 0.09296875 0.15555555555555556
2 0.6058593750000001 0.46458333333333335 0.02109375 0.23750000000000002
36 0.528515625 0.28194444444444444 0.09140625000000001 0.20555555555555557
