44 0.55078125 0.353125 0.051562500000000004 0.25625
43 0.53046875 0.45208333333333334 0.0703125 0.2916666666666667
43 0.43203125000000003 0.37083333333333335 0.0546875 0.24583333333333332
43 0.46328125000000003 0.34479166666666666 0.045312500000000006 0.22708333333333333
42 0.328125 0.4458333333333333 0.078125 0.2875
42 0.5984375000000001 0.43124999999999997 0.059375000000000004 0.2875
40 0.36640625000000004 0.4010416666666667 0.060937500000000006 0.2520833333333333
40 0.6898437500000001 0.37395833333333334 0.0546875 0.25625
41 0.63828125 0.36354166666666665 0.045312500000000006 0.27291666666666664
41 0.61484375 0.4 0.060937500000000006 0.2833333333333333
