23 0.47239583333333335 0.7904411764705882 0.10729166666666666 0.4154411764705882
23 0.55 0.18198529411764705 0.07708333333333334 0.3639705882352941
0 0.6401041666666667 0.38878676470588236 0.10520833333333333 0.2849264705882353
0 0.6890625 0.7398897058823529 0.16354166666666667 0.2665441176470588
16 0.35 0.33547794117647056 0.08125 0.23713235294117646
22 0.7057291666666666 0.5211397058823529 0.14479166666666665 0.2261029411764706
14 0.4734375 0.2858455882352941 0.08645833333333333 0.12316176470588235
10 0.3458333333333333 0.5680147058823529 0.12916666666666665 0.15441176470588236
10 0.3572916666666667 0.7215073529411764 0.09583333333333333 0.21875
7 0.45989583333333334 0.4935661764705882 0.071875 0.11213235294117647
45 0.5401041666666666 0.5386029411764706 0.109375 0.23161764705882354
38 0.553125 0.7931985294117647 0.075 0.2702205882352941
