20 0.209375 0.3666666666666667 0.065625 0.1527777777777778
36 0.616796875 0.2673611111111111 0.08671875000000001 0.38472222222222224
38 0.521875 0.25277777777777777 0.0421875 0.23055555555555557
34 0.6648437500000001 0.4215277777777778 0.1046875 0.40972222222222227
39 0.484375 0.3354166666666667 0.07187500000000001 0.39861111111111114
11 0.31796875 0.7472222222222222 0.1234375 0.3138888888888889
37 0.30625 0.2763888888888889 0.0859375 0.32222222222222224
42 0.38789062500000004 0.4625 0.08203125 0.4305555555555556
14 0.42226562500000003 0.2611111111111111 0.07265625 0.11666666666666667
19 0.569921875 0.7520833333333333 0.26953125 0.30694444444444446
1 0.26484375 0.5409722222222222 0.14375000000000002 0.2902777777777778
