28 0.18177083333333333 0.3290441176470588 0.103125 0.2977941176470588
16 0.5916666666666667 0.2150735294117647 0.075 0.2647058823529412
14 0.7088541666666667 0.4145220588235294 0.08020833333333333 0.17463235294117646
7 0.4942708333333333 0.4016544117647059 0.07604166666666666 0.10845588235294118
2 0.315625 0.32536764705882354 0.07291666666666667 0.1838235294117647
2 0.5026041666666666 0.25735294117647056 0.046875 0.1801470588235294
2 0.6802083333333333 0.3180147058823529 0.06666666666666667 0.11029411764705882
33 0.41822916666666665 0.17463235294117646 0.071875 0.22426470588235295
32 0.6104166666666666 0.4053308823529412 0.08333333333333333 0.24816176470588236
43 0.26875 0.3538602941176471 0.07708333333333334 0.3327205882352941
38 0.23802083333333332 0.6893382352941176 0.19895833333333332 0.1838235294117647
44 0.340625 0.7591911764705882 0.1875 0.4742647058823529
46 0.6208333333333333 0.7058823529411764 0.225 0.4375
42 0.4822916666666667 0.6387867647058824 0.1 0.4944852941176471
