35 0.265625 0.3833333333333333 0.1125 0.35
35 0.40234375 0.26145833333333335 0.0765625 0.2895833333333333
45 0.53046875 0.2375 0.0578125 0.26666666666666666
45 0.6820312500000001 0.4 0.1953125 0.0875
37 0.33046875000000003 0.3541666666666667 0.0859375 0.2791666666666667
37 0.40468750000000003 0.5989583333333334 0.146875 0.23958333333333334
31 0.5437500000000001 0.4947916666666667 0.09375 0.3770833333333333
31 0.7015625000000001 0.3333333333333333 0.08125 0.3125
17 0.6265625 0.284375 0.065625 0.15208333333333332
17 0.63828125 0.55625 0.11406250000000001 0.13333333333333333
