2 0.59375 0.5802083333333333 0.043750000000000004 0.20625
2 0.46640625 0.4822916666666667 0.035937500000000004 0.18541666666666667
2 0.3953125 0.59375 0.171875 0.175
28 0.41328125000000004 0.2833333333333333 0.0671875 0.20416666666666666
19 0.69453125 0.48020833333333335 0.22968750000000002 0.24791666666666667
19 0.20468750000000002 0.3875 0.10312500000000001 0.3208333333333333
38 0.56171875 0.290625 0.051562500000000004 0.18541666666666667
11 0.29375 0.5 0.115625 0.23333333333333334
7 0.46015625000000004 0.6625 0.0734375 0.10833333333333334
39 0.51484375 0.3375 0.0734375 0.3125
