28 0.3125 0.31979166666666664 0.109375 0.28541666666666665
28 0.33828125000000003 0.528125 0.0921875 0.18958333333333333
21 0.44765625000000003 0.2791666666666667 0.11406250000000001 0.1875
21 0.56953125 0.2125 0.1453125 0.19583333333333333
21 0.56484375 0.31666666666666665 0.1328125 0.1625
4 0.43828125 0.69375 0.1296875 0.18333333333333332
4 0.19453125000000002 0.5145833333333333 0.1046875 0.12083333333333333
13 0.25078125 0.3677083333333333 0.1015625 0.34375
13 0.37812500000000004 0.27708333333333335 0.07500000000000001 0.32916666666666666
13 0.6203125 0.44895833333333335 0.08125 0.35625
45 0.6265625 0.4770833333333333 0.240625 0.1625
