28 0.2973958333333333 0.24908088235294118 0.07395833333333333 0.2775735294117647
16 0.6979166666666666 0.28400735294117646 0.0875 0.2849264705882353
14 0.7677083333333333 0.5238970588235294 0.10625 0.20220588235294118
7 0.5463541666666667 0.4108455882352941 0.07395833333333333 0.10477941176470588
2 0.43906249999999997 0.31433823529411764 0.026041666666666668 0.15441176470588236
2 0.6119791666666666 0.33547794117647056 0.08645833333333333 0.10477941176470588
2 0.7567708333333333 0.4540441176470588 0.16354166666666667 0.11029411764705882
33 0.5541666666666667 0.2077205882352941 0.07291666666666667 0.22426470588235295
32 0.6317708333333333 0.45036764705882354 0.090625 0.28308823529411764
43 0.40625 0.29871323529411764 0.09583333333333333 0.21875
38 0.2328125 0.5257352941176471 0.153125 0.12867647058823528
44 0.30416666666666664 0.6461397058823529 0.30625 0.34375
46 0.603125 0.6893382352941176 0.20833333333333334 0.4963235294117647
42 0.3651041666666667 0.5229779411764706 0.13645833333333332 0.5790441176470588
