28 0.153125 0.4788602941176471 0.12083333333333333 0.3180147058823529
16 0.49322916666666666 0.1764705882352941 0.07395833333333333 0.25735294117647056
14 0.6494791666666666 0.2931985294117647 0.06770833333333333 0.15625
7 0.46197916666666666 0.3869485294117647 0.07604166666666666 0.11213235294117647
2 0.278125 0.44485294117647056 0.09166666666666666 0.08088235294117647
2 0.4 0.2738970588235294 0.04375 0.19117647058823528
33 0.3109375 0.21783088235294118 0.084375 0.22977941176470587
32 0.5791666666666666 0.3226102941176471 0.08125 0.23713235294117646
43 0.23541666666666666 0.4641544117647059 0.14791666666666667 0.3069852941176471
38 0.33697916666666666 0.7775735294117647 0.19895833333333332 0.29044117647058826
44 0.4796875 0.7555147058823529 0.09895833333333333 0.4852941176470588
46 0.6541666666666667 0.546875 0.3145833333333333 0.23713235294117646
42 0.6078125 0.5459558823529411 0.109375 0.4889705882352941
