23 0.580078125 0.51875 0.17890625000000002 0.3402777777777778
2 0.40468750000000003 0.3145833333333333 0.060937500000000006 0.04861111111111111
47 0.7328125000000001 0.5375 0.2859375 0.2611111111111111
37 0.671875 0.3541666666666667 0.1640625 0.15
34 0.478515625 0.5395833333333333 0.13203125000000002 0.32083333333333336
17 0.48476562500000003 0.3041666666666667 0.06953125 0.2555555555555556
21 0.369921875 0.5076388888888889 0.13203125000000002 0.24583333333333335
36 0.29140625000000003 0.4076388888888889 0.2421875 0.13194444444444445
14 0.295703125 0.4986111111111111 0.07421875 0.1527777777777778
20 0.355078125 0.3236111111111111 0.05390625 0.13055555555555556
1 0.578125 0.2555555555555556 0.0921875 0.2
3 0.453125 0.24861111111111112 0.046875 0.17222222222222222
