36 0.515234375 0.5791666666666667 0.08671875000000001 0.37222222222222223
38 0.566015625 0.49097222222222225 0.055468750000000004 0.2263888888888889
34 0.371875 0.6756944444444445 0.11093750000000001 0.3680555555555556
39 0.412890625 0.44722222222222224 0.08515625 0.35833333333333334
11 0.209375 0.46458333333333335 0.11093750000000001 0.22361111111111112
37 0.45820312500000004 0.29444444444444445 0.06484375 0.26944444444444443
42 0.306640625 0.39583333333333337 0.09609375 0.34444444444444444
19 0.26015625000000003 0.7291666666666667 0.18906250000000002 0.35000000000000003
1 0.32539062500000004 0.3701388888888889 0.09765625 0.17916666666666667
14 0.5828125000000001 0.4201388888888889 0.046875 0.12638888888888888
