20 0.6401041666666667 0.20680147058823528 0.04895833333333333 0.12316176470588235
10 0.4244791666666667 0.6112132352941176 0.06354166666666666 0.2738970588235294
10 0.6208333333333333 0.7941176470588235 0.15625 0.25
21 0.7875 0.34650735294117646 0.11666666666666667 0.18566176470588236
0 0.7833333333333333 0.5946691176470588 0.20625 0.31066176470588236
1 0.5598958333333334 0.5514705882352942 0.146875 0.3088235294117647
16 0.38177083333333334 0.36213235294117646 0.08229166666666667 0.28308823529411764
7 0.5046875 0.4007352941176471 0.06979166666666667 0.10294117647058823
32 0.6473958333333333 0.3400735294117647 0.08854166666666667 0.22794117647058823
29 0.9020833333333333 0.5349264705882353 0.0875 0.21323529411764705
14 0.4552083333333333 0.2582720588235294 0.0875 0.12683823529411764
