9 0.44296875 0.69375 0.1453125 0.2125
9 0.5515625000000001 0.4166666666666667 0.178125 0.075
7 0.8210937500000001 0.40729166666666666 0.0734375 0.08541666666666667
34 0.77890625 0.2375 0.07968750000000001 0.30416666666666664
27 0.9 0.4427083333333333 0.1 0.18958333333333333
16 0.26406250000000003 0.5895833333333333 0.11875000000000001 0.24166666666666667
26 0.59140625 0.4739583333333333 0.07968750000000001 0.19791666666666666
12 0.31796875 0.453125 0.2515625 0.15208333333333332
33 0.67109375 0.6135416666666667 0.09843750000000001 0.23541666666666666
29 0.89765625 0.60625 0.11406250000000001 0.20833333333333334
