20 0.35234375 0.42291666666666666 0.046875 0.12916666666666668
14 0.338671875 0.26180555555555557 0.02890625 0.09583333333333334
1 0.49062500000000003 0.39513888888888893 0.0859375 0.19861111111111113
19 0.615234375 0.29583333333333334 0.10234375000000001 0.13611111111111113
11 0.603125 0.37430555555555556 0.0734375 0.20694444444444446
38 0.40468750000000003 0.17152777777777778 0.043750000000000004 0.1763888888888889
42 0.5339843750000001 0.24583333333333335 0.049218750000000006 0.3027777777777778
39 0.48945312500000004 0.16805555555555557 0.04609375 0.26666666666666666
34 0.565625 0.12291666666666667 0.046875 0.24027777777777778
37 0.38007812500000004 0.2833333333333333 0.06171875 0.25277777777777777
