0 0.4625 0.659375 0.215625 0.2520833333333333
2 0.6609375000000001 0.596875 0.259375 0.06041666666666667
2 0.4703125 0.6104166666666666 0.27187500000000003 0.10833333333333334
2 0.30000000000000004 0.521875 0.14375000000000002 0.14375
12 0.28671875 0.7947916666666667 0.3046875 0.36875
14 0.31171875000000004 0.5875 0.1078125 0.15416666666666667
4 0.4078125 0.4552083333333333 0.096875 0.13541666666666666
45 0.36875 0.23541666666666666 0.115625 0.32916666666666666
1 0.596875 0.3927083333333333 0.16562500000000002 0.22291666666666665
3 0.80234375 0.38958333333333334 0.1265625 0.2
