1 0.575390625 0.34305555555555556 0.07578125000000001 0.18611111111111112
23 0.548046875 0.6159722222222223 0.11171875 0.3013888888888889
37 0.640625 0.4763888888888889 0.1375 0.14722222222222223
47 0.665625 0.65 0.1953125 0.2555555555555556
21 0.39296875000000003 0.6069444444444445 0.0859375 0.16111111111111112
20 0.39140625 0.425 0.045312500000000006 0.11944444444444445
17 0.49296875 0.41944444444444445 0.0484375 0.19722222222222224
14 0.340625 0.5777777777777778 0.0484375 0.13055555555555556
3 0.4765625 0.32916666666666666 0.0484375 0.14166666666666666
2 0.42812500000000003 0.3784722222222222 0.109375 0.04861111111111111
36 0.346484375 0.4743055555555556 0.19609375 0.11805555555555557
34 0.47109375000000003 0.6326388888888889 0.08125 0.29583333333333334
