39 0.36054687500000004 0.37986111111111115 0.08828125 0.40694444444444444
19 0.34804687500000003 0.3180555555555556 0.18359375 0.18611111111111112
34 0.2171875 0.2986111111111111 0.1234375 0.3944444444444445
3 0.17539062500000002 0.5923611111111111 0.13671875 0.2152777777777778
2 0.282421875 0.5833333333333334 0.09296875 0.10277777777777779
42 0.471484375 0.2652777777777778 0.06796875000000001 0.4083333333333333
37 0.558984375 0.5722222222222223 0.08671875000000001 0.3666666666666667
1 0.582421875 0.3909722222222222 0.10859375 0.24583333333333335
25 0.30507812500000003 0.7347222222222223 0.36015625 0.2888888888888889
20 0.680859375 0.6368055555555556 0.06796875000000001 0.17916666666666667
