39 0.6976562500000001 0.4166666666666667 0.0890625 0.24583333333333332
31 0.47578125000000004 0.484375 0.0734375 0.24375
19 0.5578125 0.6208333333333333 0.178125 0.2625
19 0.69296875 0.4302083333333333 0.1921875 0.14375
18 0.35468750000000004 0.4083333333333333 0.184375 0.22916666666666666
4 0.6796875 0.58125 0.08750000000000001 0.12083333333333333
10 0.5203125000000001 0.265625 0.09062500000000001 0.09791666666666667
10 0.73359375 0.3416666666666667 0.09531250000000001 0.075
47 0.36015625 0.184375 0.0734375 0.22291666666666665
27 0.64609375 0.3072916666666667 0.09531250000000001 0.11041666666666666
28 0.36875 0.5395833333333333 0.08125 0.1875
