20 0.6570312500000001 0.6465277777777778 0.07187500000000001 0.17916666666666667
36 0.21953125 0.3236111111111111 0.1078125 0.3888888888888889
38 0.275 0.5479166666666667 0.09375 0.2652777777777778
34 0.28359375000000003 0.18611111111111112 0.09062500000000001 0.36944444444444446
39 0.39296875000000003 0.2972222222222222 0.07968750000000001 0.3944444444444445
11 0.578515625 0.20902777777777778 0.07578125000000001 0.24861111111111112
37 0.540625 0.5361111111111111 0.09062500000000001 0.3472222222222222
42 0.5125000000000001 0.2263888888888889 0.0671875 0.39166666666666666
14 0.3640625 0.7479166666666667 0.11093750000000001 0.15972222222222224
19 0.41054687500000003 0.24722222222222223 0.16796875 0.13055555555555556
1 0.608984375 0.3875 0.10546875 0.25277777777777777
