28 0.203125 0.5891544117647058 0.11666666666666667 0.3327205882352941
16 0.42552083333333335 0.23805147058823528 0.06979166666666667 0.24448529411764705
7 0.4458333333333333 0.42463235294117646 0.06875 0.11029411764705882
2 0.35 0.3602941176470588 0.08958333333333333 0.14705882352941177
2 0.49947916666666664 0.3115808823529412 0.028125 0.15992647058823528
33 0.2677083333333333 0.3290441176470588 0.0875 0.22794117647058823
32 0.54375 0.29044117647058826 0.06875 0.16544117647058823
43 0.24166666666666667 0.5643382352941176 0.24166666666666667 0.20955882352941177
38 0.44687499999999997 0.7766544117647058 0.15833333333333333 0.3180147058823529
44 0.603125 0.6727941176470588 0.2 0.3897058823529412
46 0.6479166666666667 0.42003676470588236 0.26666666666666666 0.13051470588235295
42 0.6588541666666666 0.4329044117647059 0.096875 0.4797794117647059
