23 0.15885416666666666 0.48253676470588236 0.153125 0.40625
23 0.6390625 0.29503676470588236 0.08020833333333333 0.38786764705882354
0 0.271875 0.42371323529411764 0.16041666666666665 0.25919117647058826
0 0.471875 0.3226102941176471 0.09166666666666666 0.17830882352941177
16 0.3463541666666667 0.7545955882352942 0.11145833333333333 0.30330882352941174
22 0.3640625 0.3290441176470588 0.13229166666666667 0.1875
14 0.20052083333333334 0.7297794117647058 0.09270833333333334 0.1801470588235294
10 0.5177083333333333 0.7022058823529411 0.08125 0.20955882352941177
10 0.6192708333333333 0.5321691176470588 0.05520833333333333 0.22977941176470587
7 0.4109375 0.5974264705882353 0.07604166666666666 0.11029411764705882
45 0.44635416666666666 0.48621323529411764 0.21979166666666666 0.12316176470588235
38 0.5744791666666667 0.33088235294117646 0.057291666666666664 0.2463235294117647
