39 0.37421875000000004 0.284375 0.0765625 0.24791666666666667
31 0.5609375 0.24375 0.0625 0.23333333333333334
19 0.3609375 0.46249999999999997 0.19687500000000002 0.1375
19 0.47890625000000003 0.3072916666666667 0.11093750000000001 0.14791666666666667
18 0.6937500000000001 0.4166666666666667 0.16875 0.2375
10 0.56640625 0.665625 0.1234375 0.15208333333333332
10 0.30781250000000004 0.559375 0.115625 0.11458333333333333
47 0.759375 0.4770833333333333 0.115625 0.2875
27 0.403125 0.5791666666666666 0.115625 0.15416666666666667
28 0.6414062500000001 0.23958333333333334 0.06406250000000001 0.175
