39 0.39375000000000004 0.259375 0.07187500000000001 0.2520833333333333
31 0.5890625 0.25104166666666666 0.065625 0.23541666666666666
19 0.36328125 0.4197916666666667 0.20468750000000002 0.15208333333333332
19 0.5015625 0.30104166666666665 0.109375 0.14791666666666667
18 0.7093750000000001 0.45208333333333334 0.2 0.24166666666666667
4 0.4390625 0.2895833333333333 0.034375 0.10833333333333334
10 0.51328125 0.6625 0.1234375 0.14166666666666666
10 0.29375 0.5072916666666667 0.109375 0.11875
47 0.72578125 0.5270833333333333 0.11406250000000001 0.2875
27 0.37031250000000004 0.55 0.125 0.14166666666666666
28 0.67578125 0.2583333333333333 0.0703125 0.17083333333333334
