23 0.13541666666666666 0.5431985294117647 0.17083333333333334 0.4724264705882353
23 0.6088541666666667 0.2647058823529412 0.084375 0.4117647058823529
0 0.24114583333333334 0.46875 0.14895833333333333 0.29411764705882354
0 0.4239583333333333 0.32996323529411764 0.11041666666666666 0.18566176470588236
16 0.39479166666666665 0.7748161764705882 0.11041666666666666 0.3363970588235294
22 0.3140625 0.3556985294117647 0.15729166666666666 0.17830882352941177
14 0.209375 0.8088235294117647 0.1 0.19852941176470587
10 0.621875 0.4926470588235294 0.07291666666666667 0.2426470588235294
10 0.5458333333333333 0.6810661764705882 0.10625 0.22242647058823528
7 0.4125 0.5983455882352942 0.07916666666666666 0.0974264705882353
45 0.43072916666666666 0.5009191176470588 0.23229166666666667 0.1636029411764706
38 0.5390625 0.3125 0.05520833333333333 0.2536764705882353
