0 0.6453125000000001 0.4614583333333333 0.18125000000000002 0.19375
0 0.45 0.575 0.153125 0.17916666666666667
1 0.5421875 0.7072916666666667 0.16875 0.28541666666666665
10 0.5078125 0.340625 0.09375 0.07291666666666667
43 0.37734375000000003 0.21562499999999998 0.0765625 0.23124999999999998
36 0.58203125 0.26875 0.0765625 0.25
20 0.671875 0.34479166666666666 0.05 0.07291666666666667
18 0.36250000000000004 0.44375 0.246875 0.24166666666666667
15 0.16953125000000002 0.553125 0.17343750000000002 0.20625
14 0.30781250000000004 0.6104166666666666 0.08750000000000001 0.125
