0 0.8289062500000001 0.5458333333333333 0.1703125 0.23333333333333334
4 0.47578125000000004 0.5697916666666667 0.1046875 0.15208333333333332
26 0.20625000000000002 0.4875 0.15000000000000002 0.13333333333333333
29 0.66328125 0.48541666666666666 0.0859375 0.18333333333333332
47 0.74765625 0.29270833333333335 0.0890625 0.3520833333333333
7 0.40703125 0.3677083333333333 0.060937500000000006 0.08541666666666667
16 0.28203125 0.3802083333333333 0.0921875 0.19791666666666666
31 0.27734375 0.19895833333333332 0.06406250000000001 0.17291666666666666
13 0.6015625 0.24583333333333332 0.053125000000000006 0.3375
6 0.7429687500000001 0.30416666666666664 0.2078125 0.1875
