36 0.435546875 0.6430555555555556 0.09765625 0.4222222222222222
38 0.578515625 0.6041666666666667 0.08046875 0.2777777777777778
34 0.268359375 0.5979166666666667 0.12578125 0.40972222222222227
39 0.42226562500000003 0.3736111111111111 0.08046875 0.35833333333333334
11 0.28828125 0.2569444444444445 0.0890625 0.2555555555555556
37 0.56796875 0.2798611111111111 0.0765625 0.32083333333333336
42 0.3609375 0.25972222222222224 0.07187500000000001 0.39722222222222225
14 0.648046875 0.5423611111111112 0.06796875000000001 0.18194444444444446
19 0.21796875000000002 0.5437500000000001 0.18906250000000002 0.33194444444444443
1 0.4265625 0.25625000000000003 0.096875 0.2013888888888889
