31 0.5625 0.45729166666666665 0.12187500000000001 0.15208333333333332
31 0.371875 0.3520833333333333 0.05 0.20833333333333334
10 0.43593750000000003 0.5760416666666667 0.1125 0.10208333333333333
10 0.43515625 0.6614583333333334 0.06406250000000001 0.10208333333333333
10 0.4421875 0.7135416666666666 0.10625000000000001 0.10625
22 0.30000000000000004 0.5802083333333333 0.11875000000000001 0.16041666666666665
44 0.56171875 0.615625 0.1421875 0.14791666666666667
44 0.446875 0.4583333333333333 0.17500000000000002 0.10416666666666667
48 0.54453125 0.31145833333333334 0.0578125 0.22291666666666665
48 0.42109375000000004 0.41562499999999997 0.0578125 0.18541666666666667
