23 0.3796875 0.7573529411764706 0.109375 0.4264705882352941
23 0.5536458333333333 0.18658088235294118 0.08854166666666667 0.36213235294117646
0 0.3078125 0.609375 0.10729166666666666 0.3327205882352941
0 0.3598958333333333 0.3391544117647059 0.13645833333333332 0.2150735294117647
16 0.6494791666666666 0.7389705882352942 0.11354166666666667 0.26838235294117646
22 0.2942708333333333 0.4411764705882353 0.165625 0.20588235294117646
14 0.4786458333333333 0.9292279411764706 0.121875 0.13786764705882354
10 0.6270833333333333 0.375 0.08333333333333333 0.20588235294117646
10 0.6401041666666667 0.5496323529411765 0.11979166666666667 0.14338235294117646
7 0.525 0.59375 0.075 0.1213235294117647
45 0.46458333333333335 0.4935661764705882 0.16666666666666666 0.24816176470588236
38 0.4869791666666667 0.2555147058823529 0.06145833333333333 0.23529411764705882
