15 0.6234375000000001 0.41770833333333335 0.1625 0.15208333333333332
20 0.51328125 0.4791666666666667 0.051562500000000004 0.11666666666666667
22 0.35625 0.5895833333333333 0.140625 0.17083333333333334
19 0.5140625 0.6052083333333333 0.22812500000000002 0.14375
28 0.39140625 0.4395833333333333 0.1421875 0.075
10 0.28984375 0.5041666666666667 0.11406250000000001 0.10833333333333334
38 0.53828125 0.4125 0.1015625 0.11666666666666667
39 0.39140625 0.29270833333333335 0.060937500000000006 0.23541666666666666
40 0.6953125 0.58125 0.115625 0.21666666666666667
2 0.6359375 0.509375 0.16562500000000002 0.04375
