20 0.2953125 0.6681985294117647 0.08229166666666667 0.19301470588235295
10 0.5473958333333333 0.2601102941176471 0.10520833333333333 0.12316176470588235
10 0.6776041666666667 0.3759191176470588 0.04895833333333333 0.16727941176470587
21 0.24114583333333334 0.43474264705882354 0.109375 0.2077205882352941
0 0.3932291666666667 0.24356617647058823 0.14895833333333333 0.2665441176470588
1 0.5567708333333333 0.3520220588235294 0.121875 0.25919117647058826
16 0.6885416666666666 0.5229779411764706 0.1125 0.3069852941176471
7 0.55 0.5477941176470588 0.07916666666666666 0.125
32 0.40260416666666665 0.45588235294117646 0.084375 0.2463235294117647
29 0.2791666666666667 0.26746323529411764 0.08125 0.18933823529411764
14 0.5510416666666667 0.8005514705882353 0.13541666666666666 0.2077205882352941
