10 0.41640625000000003 0.3145833333333333 0.0546875 0.10416666666666667
10 0.41640625000000003 0.39791666666666664 0.0765625 0.05416666666666667
10 0.478125 0.6489583333333333 0.08125 0.13958333333333334
28 0.46953125 0.38229166666666664 0.0484375 0.15208333333333332
28 0.3875 0.45625 0.078125 0.1375
28 0.3328125 0.403125 0.059375000000000004 0.16458333333333333
44 0.6265625 0.384375 0.07500000000000001 0.23958333333333334
44 0.49765625 0.5520833333333334 0.18281250000000002 0.1375
12 0.34687500000000004 0.5541666666666667 0.19687500000000002 0.12083333333333333
12 0.41953125 0.6708333333333333 0.2234375 0.10416666666666667
