23 0.3151041666666667 0.6746323529411765 0.10729166666666666 0.4338235294117647
23 0.5744791666666667 0.2665441176470588 0.08229166666666667 0.34191176470588236
0 0.5697916666666667 0.7913602941176471 0.17708333333333334 0.28125
0 0.6171875 0.4485294117647059 0.08229166666666667 0.19852941176470587
16 0.3755208333333333 0.3180147058823529 0.065625 0.21691176470588236
22 0.640625 0.6194852941176471 0.15625 0.1948529411764706
14 0.5057291666666667 0.33547794117647056 0.06979166666666667 0.11213235294117647
10 0.25625 0.5882352941176471 0.041666666666666664 0.20588235294117646
10 0.31979166666666664 0.4898897058823529 0.10208333333333333 0.14154411764705882
7 0.43333333333333335 0.4880514705882353 0.0625 0.10845588235294118
45 0.4739583333333333 0.5569852941176471 0.1625 0.1948529411764706
38 0.4083333333333333 0.734375 0.07083333333333333 0.2775735294117647
