1 0.5613281250000001 0.24930555555555556 0.10234375000000001 0.22916666666666669
23 0.58359375 0.6180555555555556 0.1640625 0.3666666666666667
37 0.6578125 0.40069444444444446 0.125 0.22916666666666669
47 0.734375 0.3791666666666667 0.09375 0.39722222222222225
34 0.295703125 0.4138888888888889 0.11640625 0.3611111111111111
21 0.405078125 0.6909722222222222 0.11640625 0.22083333333333335
20 0.3609375 0.42083333333333334 0.0578125 0.14166666666666666
17 0.495703125 0.4013888888888889 0.06796875000000001 0.2833333333333333
14 0.35546875 0.6319444444444444 0.07968750000000001 0.1388888888888889
3 0.43046875 0.3375 0.0765625 0.15833333333333333
2 0.50625 0.4173611111111111 0.16718750000000002 0.08472222222222223
36 0.5203125000000001 0.6597222222222222 0.1375 0.3416666666666667
