3 0.540625 0.465625 0.043750000000000004 0.07291666666666667
3 0.54140625 0.525 0.045312500000000006 0.0625
26 0.634375 0.4552083333333333 0.05625 0.13541666666666666
37 0.48750000000000004 0.48854166666666665 0.07187500000000001 0.23124999999999998
37 0.5765625 0.38229166666666664 0.059375000000000004 0.18958333333333333
41 0.51328125 0.353125 0.051562500000000004 0.17291666666666666
43 0.3453125 0.40729166666666666 0.07187500000000001 0.25625
10 0.275 0.49895833333333334 0.06875 0.09791666666666667
10 0.30390625000000004 0.4427083333333333 0.035937500000000004 0.11041666666666666
21 0.4296875 0.26875 0.096875 0.1125
21 0.43828125 0.35625 0.0890625 0.08333333333333333
21 0.42890625000000004 0.4302083333333333 0.0671875 0.08958333333333333
