28 0.4890625 0.7490808823529411 0.09479166666666666 0.36580882352941174
16 0.24010416666666667 0.3832720588235294 0.103125 0.25919117647058826
14 0.3333333333333333 0.30606617647058826 0.06666666666666667 0.12683823529411764
7 0.3885416666666667 0.4834558823529412 0.06666666666666667 0.12867647058823528
2 0.22447916666666667 0.5845588235294118 0.21979166666666666 0.10294117647058823
2 0.32760416666666664 0.39797794117647056 0.10104166666666667 0.05698529411764706
33 0.209375 0.6158088235294118 0.11458333333333333 0.2647058823529412
32 0.39375 0.31525735294117646 0.07083333333333333 0.2150735294117647
43 0.3390625 0.7904411764705882 0.21770833333333334 0.3125
38 0.6625 0.6011029411764706 0.15625 0.25
44 0.6453125 0.43566176470588236 0.24479166666666666 0.13970588235294118
46 0.47812499999999997 0.3207720588235294 0.12083333333333333 0.26286764705882354
42 0.6140625 0.19852941176470587 0.07604166666666666 0.3602941176470588
