9 0.42109375000000004 0.5166666666666666 0.0859375 0.15
9 0.40156250000000004 0.7229166666666667 0.134375 0.2125
7 0.59375 0.6854166666666667 0.08750000000000001 0.10416666666666667
34 0.7125 0.2635416666666667 0.06875 0.27708333333333335
27 0.8234375 0.4614583333333333 0.09062500000000001 0.17708333333333334
16 0.25625000000000003 0.48333333333333334 0.14375000000000002 0.1125
26 0.49609375 0.3697916666666667 0.0703125 0.16041666666666665
12 0.19375 0.7 0.284375 0.30833333333333335
33 0.2625 0.3770833333333333 0.08125 0.14166666666666666
29 0.81796875 0.6260416666666666 0.09843750000000001 0.19375
