9 0.19296875000000002 0.42083333333333334 0.2171875 0.12083333333333333
9 0.44140625 0.3333333333333333 0.1703125 0.125
16 0.3765625 0.19375 0.078125 0.15
12 0.16718750000000002 0.27708333333333335 0.27187500000000003 0.125
34 0.83984375 0.3375 0.15156250000000002 0.4
33 0.45703125 0.128125 0.060937500000000006 0.16458333333333333
7 0.26015625000000003 0.546875 0.1015625 0.12291666666666666
27 0.62890625 0.6354166666666666 0.1171875 0.26666666666666666
29 0.39296875000000003 0.7229166666666667 0.11406250000000001 0.25
26 0.5945312500000001 0.2739583333333333 0.08281250000000001 0.18541666666666667
