21 0.21406250000000002 0.6097222222222223 0.11093750000000001 0.19722222222222224
39 0.39179687500000004 0.4729166666666667 0.12421875 0.23750000000000002
42 0.3046875 0.40902777777777777 0.096875 0.3513888888888889
3 0.562109375 0.5076388888888889 0.09609375 0.1736111111111111
25 0.47773437500000004 0.26180555555555557 0.17734375000000002 0.30972222222222223
2 0.48984375 0.5034722222222222 0.0921875 0.19305555555555556
19 0.35195312500000003 0.7506944444444444 0.23359375000000002 0.26805555555555555
16 0.3359375 0.31875000000000003 0.07187500000000001 0.11805555555555557
20 0.24921875000000002 0.30972222222222223 0.035937500000000004 0.13611111111111113
4 0.20820312500000002 0.4083333333333333 0.07421875 0.13055555555555556
