28 0.6510416666666666 0.27941176470588236 0.07916666666666666 0.26838235294117646
16 0.3875 0.7720588235294118 0.10833333333333334 0.3125
14 0.20520833333333333 0.7647058823529411 0.10625 0.20220588235294118
7 0.41770833333333335 0.5670955882352942 0.08125 0.11213235294117647
2 0.2859375 0.828125 0.08020833333333333 0.3400735294117647
2 0.528125 0.8253676470588235 0.11458333333333333 0.34558823529411764
2 0.6546875 0.5533088235294118 0.20729166666666665 0.12867647058823528
33 0.621875 0.6691176470588235 0.09791666666666667 0.2610294117647059
32 0.28020833333333334 0.5615808823529411 0.10416666666666667 0.24816176470588236
43 0.6453125 0.45955882352941174 0.234375 0.27941176470588236
38 0.4739583333333333 0.25183823529411764 0.125 0.1838235294117647
44 0.38385416666666666 0.2803308823529412 0.08020833333333333 0.2849264705882353
46 0.21875 0.4963235294117647 0.2875 0.16176470588235295
42 0.27708333333333335 0.1957720588235294 0.09791666666666667 0.3915441176470588
