40 0.3984375 0.24687499999999998 0.078125 0.2895833333333333
33 0.62109375 0.19583333333333333 0.0734375 0.17916666666666667
33 0.61875 0.3520833333333333 0.06875 0.1375
33 0.6109375 0.496875 0.07500000000000001 0.11875
32 0.5328125 0.34375 0.096875 0.2375
32 0.53359375 0.546875 0.0890625 0.18125
27 0.2703125 0.21458333333333332 0.08125 0.17916666666666667
27 0.290625 0.37916666666666665 0.08125 0.14583333333333334
31 0.37578125 0.3885416666666667 0.0890625 0.33125
31 0.6882812500000001 0.3625 0.08281250000000001 0.32916666666666666
2 0.34375 0.5729166666666666 0.20625000000000002 0.11666666666666667
2 0.38359375 0.38958333333333334 0.1203125 0.05
