35 0.5765625 0.41041666666666665 0.084375 0.37916666666666665
35 0.6664062500000001 0.2739583333333333 0.0671875 0.3020833333333333
45 0.38671875 0.471875 0.1046875 0.3854166666666667
45 0.24609375 0.48333333333333334 0.19843750000000002 0.12916666666666665
37 0.63828125 0.346875 0.0734375 0.27291666666666664
37 0.515625 0.32395833333333335 0.065625 0.11041666666666666
31 0.4421875 0.23854166666666665 0.065625 0.25625
31 0.26015625000000003 0.2833333333333333 0.0859375 0.20416666666666666
17 0.28046875 0.48125 0.1046875 0.24166666666666667
17 0.39453125 0.346875 0.1328125 0.09375
