1 0.40351562500000004 0.7034722222222223 0.12265625000000001 0.27083333333333337
23 0.35468750000000004 0.3861111111111111 0.1421875 0.23333333333333334
37 0.27382812500000003 0.6125 0.17109375000000002 0.26944444444444443
47 0.244140625 0.4291666666666667 0.20703125 0.14722222222222223
21 0.484375 0.2902777777777778 0.09062500000000001 0.13333333333333333
20 0.5906250000000001 0.46944444444444444 0.0546875 0.16111111111111112
17 0.4578125 0.45208333333333334 0.06875 0.24583333333333335
14 0.550390625 0.3180555555555556 0.06015625 0.11944444444444445
3 0.5496093750000001 0.6354166666666667 0.08359375000000001 0.2263888888888889
2 0.6058593750000001 0.6652777777777779 0.09609375 0.23333333333333334
36 0.5886718750000001 0.3736111111111111 0.18359375 0.16666666666666669
34 0.408984375 0.3298611111111111 0.11171875 0.18194444444444446
