0 0.46640625 0.19895833333333332 0.1046875 0.11041666666666666
0 0.34296875000000004 0.46458333333333335 0.15156250000000002 0.20416666666666666
14 0.609375 0.315625 0.053125000000000006 0.08125
2 0.4078125 0.3458333333333333 0.0625 0.09583333333333333
2 0.46796875000000004 0.39166666666666666 0.1046875 0.10833333333333334
12 0.33984375 0.23333333333333334 0.060937500000000006 0.17083333333333334
29 0.63984375 0.36666666666666664 0.0671875 0.12916666666666665
26 0.55078125 0.409375 0.0734375 0.16458333333333333
20 0.54296875 0.2604166666666667 0.0484375 0.1
35 0.6960937500000001 0.5010416666666666 0.1265625 0.29791666666666666
44 0.603125 0.15729166666666666 0.065625 0.23124999999999998
