28 0.5765625 0.2739583333333333 0.10625000000000001 0.27708333333333335
28 0.55703125 0.49583333333333335 0.0765625 0.1875
21 0.21250000000000002 0.28854166666666664 0.15937500000000002 0.21041666666666667
21 0.23046875 0.3770833333333333 0.1484375 0.15
21 0.23750000000000002 0.5010416666666666 0.140625 0.21041666666666667
4 0.63671875 0.4010416666666667 0.08281250000000001 0.13958333333333334
4 0.5625 0.69375 0.10312500000000001 0.14583333333333334
13 0.35234375 0.4458333333333333 0.07968750000000001 0.3416666666666667
13 0.48203125 0.20416666666666666 0.0578125 0.31666666666666665
13 0.49296875 0.528125 0.0703125 0.35625
45 0.3984375 0.3333333333333333 0.14375000000000002 0.19166666666666665
