20 0.35052083333333334 0.29503676470588236 0.059375 0.15625
10 0.4 0.8612132352941176 0.14166666666666666 0.24448529411764705
10 0.6322916666666667 0.7720588235294118 0.09375 0.25
21 0.5223958333333333 0.2775735294117647 0.096875 0.1948529411764706
0 0.6515625 0.4522058823529412 0.178125 0.31985294117647056
1 0.4796875 0.6452205882352942 0.146875 0.34191176470588236
16 0.22708333333333333 0.7022058823529411 0.13958333333333334 0.3161764705882353
7 0.346875 0.59375 0.08333333333333333 0.14338235294117646
32 0.43385416666666665 0.3943014705882353 0.07604166666666666 0.24448529411764705
29 0.6828125 0.3125 0.08020833333333333 0.1875
14 0.19895833333333332 0.5091911764705882 0.11875 0.13970588235294118
