20 0.6578125 0.5220588235294118 0.06145833333333333 0.16911764705882354
14 0.6859375 0.3391544117647059 0.07604166666666666 0.14522058823529413
10 0.4640625 0.25183823529411764 0.084375 0.1323529411764706
10 0.32395833333333335 0.3363970588235294 0.04791666666666666 0.10294117647058823
0 0.315625 0.4466911764705882 0.17291666666666666 0.25735294117647056
1 0.4354166666666667 0.3115808823529412 0.10208333333333333 0.21875
7 0.55625 0.3492647058823529 0.06458333333333333 0.09558823529411764
32 0.5208333333333334 0.41360294117647056 0.07291666666666667 0.21691176470588236
29 0.29375 0.6112132352941176 0.09791666666666667 0.23345588235294118
16 0.5770833333333333 0.1994485294117647 0.05625 0.22242647058823528
21 0.4661458333333333 0.6167279411764706 0.11979166666666667 0.22242647058823528
