20 0.306640625 0.3416666666666667 0.047656250000000004 0.11666666666666667
36 0.5734375 0.4451388888888889 0.0703125 0.3541666666666667
38 0.534765625 0.3597222222222222 0.047656250000000004 0.16666666666666669
34 0.516796875 0.6069444444444445 0.08359375000000001 0.36944444444444446
39 0.42695312500000004 0.4340277777777778 0.08203125 0.3541666666666667
11 0.198046875 0.6486111111111111 0.12109375 0.25
37 0.36445312500000004 0.3125 0.07109375 0.2611111111111111
42 0.30000000000000004 0.4791666666666667 0.10312500000000001 0.3611111111111111
14 0.491796875 0.3493055555555556 0.055468750000000004 0.10972222222222222
19 0.3640625 0.8125 0.240625 0.2916666666666667
1 0.25039062500000003 0.4902777777777778 0.11015625000000001 0.22222222222222224
