1 0.30234375 0.40069444444444446 0.1046875 0.2125
23 0.533203125 0.50625 0.20390625 0.1375
37 0.44609375 0.36597222222222225 0.0765625 0.21805555555555556
47 0.511328125 0.24722222222222223 0.07734375 0.33333333333333337
34 0.31093750000000003 0.7673611111111112 0.1265625 0.30694444444444446
21 0.52109375 0.7402777777777778 0.09843750000000001 0.20555555555555557
17 0.38320312500000003 0.5236111111111111 0.08203125 0.20833333333333334
14 0.4375 0.8291666666666667 0.078125 0.15833333333333333
3 0.2703125 0.6006944444444444 0.1015625 0.14027777777777778
2 0.345703125 0.6319444444444444 0.03515625 0.20277777777777778
36 0.528515625 0.6062500000000001 0.21796875000000002 0.14583333333333334
