10 0.625 0.3625 0.05625 0.12916666666666665
10 0.6218750000000001 0.42916666666666664 0.084375 0.07916666666666666
10 0.296875 0.509375 0.096875 0.10208333333333333
28 0.5078125 0.32395833333333335 0.046875 0.14375
28 0.56015625 0.40729166666666666 0.0546875 0.12291666666666666
28 0.49453125000000003 0.425 0.0859375 0.1
44 0.5625 0.5416666666666666 0.07187500000000001 0.2583333333333333
44 0.4078125 0.525 0.10312500000000001 0.20416666666666666
12 0.31015625 0.49895833333333334 0.0703125 0.19375
12 0.39609375 0.4197916666666667 0.0671875 0.18541666666666667
