23 0.405859375 0.39305555555555555 0.12890625 0.24166666666666667
2 0.6605468750000001 0.6979166666666667 0.13046875 0.23194444444444445
47 0.29765625 0.41250000000000003 0.19843750000000002 0.14166666666666666
37 0.29531250000000003 0.6027777777777777 0.2015625 0.2611111111111111
34 0.45429687500000004 0.30625 0.07421875 0.08472222222222223
17 0.498046875 0.44027777777777777 0.08046875 0.2777777777777778
21 0.553125 0.3104166666666667 0.09062500000000001 0.1486111111111111
36 0.665234375 0.39305555555555555 0.21796875000000002 0.14722222222222223
14 0.6214843750000001 0.32569444444444445 0.05859375 0.09027777777777778
20 0.6585937500000001 0.4826388888888889 0.059375000000000004 0.17083333333333334
1 0.41445312500000003 0.7090277777777778 0.14609375 0.33472222222222225
3 0.593359375 0.6472222222222223 0.09453125000000001 0.25277777777777777
