23 0.18802083333333333 0.2931985294117647 0.14895833333333333 0.3180147058823529
23 0.6401041666666667 0.4779411764705882 0.10104166666666667 0.35661764705882354
0 0.5010416666666666 0.6856617647058824 0.16041666666666665 0.23161764705882354
0 0.24166666666666667 0.7022058823529411 0.15416666666666667 0.29044117647058826
16 0.559375 0.2306985294117647 0.06875 0.23345588235294118
22 0.36666666666666664 0.7527573529411764 0.10625 0.3363970588235294
10 0.3078125 0.26378676470588236 0.08645833333333333 0.19301470588235295
10 0.42604166666666665 0.28308823529411764 0.09791666666666667 0.17279411764705882
7 0.4614583333333333 0.4145220588235294 0.07083333333333333 0.11213235294117647
45 0.38958333333333334 0.4889705882352941 0.18333333333333332 0.21691176470588236
38 0.21458333333333332 0.4485294117647059 0.10208333333333333 0.21691176470588236
