25 0.5554687500000001 0.19236111111111112 0.2109375 0.3013888888888889
21 0.362109375 0.6680555555555556 0.12109375 0.23333333333333334
39 0.528515625 0.4673611111111111 0.16953125000000002 0.19583333333333333
16 0.377734375 0.3298611111111111 0.11171875 0.1875
19 0.5789062500000001 0.7548611111111111 0.240625 0.26805555555555555
4 0.28125 0.44375000000000003 0.084375 0.14583333333333334
20 0.290625 0.30486111111111114 0.0484375 0.1486111111111111
3 0.6917968750000001 0.43125 0.10390625 0.16805555555555557
2 0.606640625 0.4486111111111111 0.14609375 0.16944444444444445
42 0.45234375000000004 0.4048611111111111 0.0734375 0.3819444444444445
