28 0.2546875 0.15073529411764705 0.08854166666666667 0.2867647058823529
16 0.65625 0.2913602941176471 0.09375 0.2922794117647059
14 0.696875 0.5919117647058824 0.10625 0.21691176470588236
7 0.4895833333333333 0.4071691176470588 0.06875 0.12683823529411764
2 0.4010416666666667 0.22977941176470587 0.03958333333333333 0.20220588235294118
2 0.565625 0.3088235294117647 0.1 0.1213235294117647
2 0.6953125 0.484375 0.18645833333333334 0.10110294117647059
33 0.5234375 0.140625 0.07604166666666666 0.24080882352941177
32 0.5635416666666666 0.49172794117647056 0.0875 0.28125
43 0.3380208333333333 0.21966911764705882 0.153125 0.2959558823529412
38 0.14895833333333333 0.4678308823529412 0.11875 0.16727941176470587
44 0.2109375 0.6029411764705882 0.3072916666666667 0.31985294117647056
46 0.41510416666666666 0.7297794117647058 0.09270833333333334 0.5367647058823529
42 0.27239583333333334 0.578125 0.146875 0.5128676470588235
