38 0.51015625 0.5114583333333333 0.06406250000000001 0.18125
38 0.421875 0.325 0.05625 0.14583333333333334
10 0.421875 0.22395833333333334 0.096875 0.06041666666666667
29 0.371875 0.5145833333333333 0.0625 0.12916666666666665
30 0.6218750000000001 0.4270833333333333 0.040625 0.16666666666666666
30 0.5867187500000001 0.4895833333333333 0.09843750000000001 0.075
14 0.5234375 0.4145833333333333 0.084375 0.07916666666666666
16 0.43125 0.4739583333333333 0.065625 0.14375
16 0.340625 0.46875 0.046875 0.14583333333333334
27 0.33437500000000003 0.32916666666666666 0.0625 0.14583333333333334
