1 0.296875 0.5319444444444444 0.1328125 0.2388888888888889
23 0.519140625 0.29444444444444445 0.09765625 0.28611111111111115
37 0.35546875 0.3527777777777778 0.178125 0.11944444444444445
47 0.378515625 0.1527777777777778 0.09296875 0.3
34 0.637890625 0.5027777777777778 0.08046875 0.36944444444444446
21 0.6472656250000001 0.35625 0.08984375 0.18472222222222223
20 0.548046875 0.6256944444444444 0.05234375 0.1486111111111111
17 0.46796875000000004 0.42847222222222225 0.0734375 0.24027777777777778
14 0.663671875 0.4798611111111111 0.06015625 0.15416666666666667
3 0.4296875 0.6680555555555556 0.12187500000000001 0.20833333333333334
2 0.437109375 0.5527777777777778 0.14921875 0.16944444444444445
36 0.556640625 0.33819444444444446 0.09296875 0.2625
