26 0.69296875 0.5104166666666666 0.08281250000000001 0.20416666666666666
12 0.29765625 0.7864583333333334 0.3796875 0.15625
29 0.5750000000000001 0.4708333333333333 0.06875 0.15
44 0.3203125 0.40625 0.08750000000000001 0.3208333333333333
35 0.84296875 0.3697916666666667 0.09531250000000001 0.32708333333333334
20 0.3875 0.5385416666666667 0.059375000000000004 0.13541666666666666
0 0.22734375 0.6322916666666667 0.17343750000000002 0.17291666666666666
0 0.8328125000000001 0.7177083333333333 0.23750000000000002 0.24791666666666667
14 0.47578125000000004 0.496875 0.0703125 0.10625
2 0.5710937500000001 0.7114583333333333 0.2390625 0.09791666666666667
2 0.6015625 0.6458333333333334 0.19375 0.1125
