25 0.405078125 0.7152777777777778 0.30859375 0.25277777777777777
21 0.519921875 0.31527777777777777 0.07890625000000001 0.1638888888888889
39 0.431640625 0.5055555555555555 0.22265625 0.18055555555555555
16 0.6058593750000001 0.6131944444444445 0.10703125000000001 0.24861111111111112
19 0.34882812500000004 0.3277777777777778 0.18984375 0.225
4 0.645703125 0.44027777777777777 0.08046875 0.13611111111111113
20 0.70234375 0.5923611111111111 0.06875 0.15416666666666667
3 0.21992187500000002 0.6236111111111111 0.12734375 0.22777777777777777
2 0.335546875 0.6263888888888889 0.17421875 0.15
42 0.46875 0.29583333333333334 0.0671875 0.3527777777777778
