16 0.596875 0.471875 0.0625 0.16875
16 0.41953125 0.43645833333333334 0.0578125 0.13541666666666666
12 0.43281250000000004 0.5447916666666667 0.07500000000000001 0.14791666666666667
12 0.40234375 0.60625 0.22968750000000002 0.08333333333333333
10 0.3125 0.546875 0.08125 0.07291666666666667
2 0.31640625 0.5114583333333333 0.1640625 0.035416666666666666
2 0.49296875 0.3302083333333333 0.07968750000000001 0.052083333333333336
2 0.31015625 0.4895833333333333 0.07968750000000001 0.0625
2 0.53515625 0.48541666666666666 0.07968750000000001 0.041666666666666664
38 0.4921875 0.3989583333333333 0.046875 0.12291666666666666
