23 0.13177083333333334 0.48621323529411764 0.13229166666666667 0.43566176470588236
23 0.6770833333333334 0.3602941176470588 0.10208333333333333 0.4227941176470588
0 0.31614583333333335 0.8511029411764706 0.15729166666666666 0.29411764705882354
0 0.5921875 0.6360294117647058 0.18645833333333334 0.3051470588235294
16 0.49895833333333334 0.2757352941176471 0.06875 0.2389705882352941
22 0.47812499999999997 0.8005514705882353 0.175 0.32169117647058826
14 0.6145833333333334 0.40900735294117646 0.0375 0.13786764705882354
10 0.25364583333333335 0.4273897058823529 0.084375 0.2077205882352941
10 0.37083333333333335 0.4053308823529412 0.07916666666666666 0.15625
7 0.4515625 0.47150735294117646 0.071875 0.0974264705882353
45 0.3984375 0.5818014705882353 0.240625 0.15992647058823528
38 0.209375 0.6194852941176471 0.11041666666666666 0.2867647058823529
