23 0.3145833333333333 0.17738970588235295 0.10416666666666667 0.3547794117647059
23 0.5953125 0.7058823529411764 0.12604166666666666 0.4485294117647059
0 0.20885416666666667 0.5275735294117647 0.14895833333333333 0.2463235294117647
0 0.39791666666666664 0.7647058823529411 0.19791666666666666 0.35661764705882354
16 0.6682291666666667 0.43566176470588236 0.08854166666666667 0.2647058823529412
22 0.2552083333333333 0.6681985294117647 0.125 0.3363970588235294
14 0.671875 0.7426470588235294 0.0875 0.20955882352941177
10 0.4432291666666667 0.24908088235294118 0.071875 0.20036764705882354
10 0.5421875 0.3676470588235294 0.109375 0.13970588235294118
7 0.5052083333333334 0.5045955882352942 0.06875 0.11948529411764705
45 0.41354166666666664 0.49816176470588236 0.09583333333333333 0.33455882352941174
38 0.28854166666666664 0.29503676470588236 0.07916666666666666 0.2555147058823529
