13 0.37421875000000004 0.3364583333333333 0.060937500000000006 0.24375
13 0.38906250000000003 0.5677083333333334 0.053125000000000006 0.22708333333333333
13 0.47734375 0.53125 0.045312500000000006 0.26666666666666666
22 0.30312500000000003 0.5208333333333334 0.1125 0.15416666666666667
22 0.3015625 0.5510416666666667 0.1375 0.10625
28 0.49921875000000004 0.375 0.051562500000000004 0.15416666666666667
28 0.465625 0.4458333333333333 0.109375 0.1125
30 0.6140625000000001 0.45729166666666665 0.046875 0.16458333333333333
30 0.5593750000000001 0.5322916666666666 0.10625000000000001 0.11875
30 0.5359375000000001 0.575 0.078125 0.1
