28 0.6755208333333333 0.34191176470588236 0.07395833333333333 0.29044117647058826
16 0.3286458333333333 0.7536764705882353 0.12395833333333334 0.3235294117647059
14 0.18229166666666666 0.7150735294117647 0.09375 0.1875
7 0.4109375 0.5827205882352942 0.08020833333333333 0.1213235294117647
2 0.659375 0.6185661764705882 0.21041666666666667 0.1636029411764706
2 0.4796875 0.8345588235294118 0.065625 0.3272058823529412
2 0.228125 0.8547794117647058 0.10416666666666667 0.27205882352941174
33 0.5802083333333333 0.703125 0.1 0.2849264705882353
32 0.2708333333333333 0.546875 0.10416666666666667 0.2555147058823529
43 0.6557291666666667 0.5193014705882353 0.22604166666666667 0.31066176470588236
38 0.5140625 0.30330882352941174 0.13020833333333334 0.16176470588235295
44 0.3932291666666667 0.3244485294117647 0.071875 0.26286764705882354
46 0.24687499999999998 0.4797794117647059 0.24166666666666667 0.1764705882352941
42 0.31875 0.20496323529411764 0.08958333333333333 0.40625
