28 0.3697916666666667 0.12591911764705882 0.06458333333333333 0.25183823529411764
16 0.6739583333333333 0.4852941176470588 0.1125 0.2757352941176471
14 0.615625 0.7959558823529411 0.12291666666666666 0.19852941176470587
7 0.5020833333333333 0.4806985294117647 0.07083333333333333 0.10110294117647059
2 0.6609375 0.6957720588235294 0.21354166666666666 0.10845588235294118
2 0.6385416666666667 0.4273897058823529 0.18333333333333332 0.0900735294117647
2 0.49166666666666664 0.2647058823529412 0.08541666666666667 0.1838235294117647
33 0.6104166666666666 0.2536764705882353 0.07916666666666666 0.23161764705882354
32 0.5192708333333333 0.6259191176470588 0.090625 0.24816176470588236
43 0.4473958333333333 0.2306985294117647 0.19270833333333334 0.2261029411764706
38 0.23177083333333334 0.36213235294117646 0.12604166666666666 0.1875
44 0.21354166666666666 0.5238970588235294 0.28541666666666665 0.14338235294117646
46 0.40208333333333335 0.7601102941176471 0.14583333333333334 0.46875
42 0.22343749999999998 0.5404411764705882 0.128125 0.4375
