39 0.596875 0.51875 0.084375 0.26666666666666666
31 0.4 0.40625 0.07187500000000001 0.23333333333333334
19 0.70234375 0.5604166666666667 0.1640625 0.2125
19 0.41875 0.5927083333333333 0.21875 0.23958333333333334
18 0.41953125 0.3104166666666667 0.16718750000000002 0.20416666666666666
4 0.52265625 0.634375 0.08281250000000001 0.11875
10 0.6507812500000001 0.30416666666666664 0.0921875 0.0875
10 0.7671875 0.5229166666666667 0.1 0.1375
47 0.5085937500000001 0.14895833333333333 0.0578125 0.2604166666666667
27 0.7195312500000001 0.4125 0.1171875 0.0875
28 0.3140625 0.39166666666666666 0.08125 0.18333333333333332
