28 0.3286458333333333 0.17555147058823528 0.07604166666666666 0.2261029411764706
16 0.6682291666666667 0.33088235294117646 0.08645833333333333 0.2977941176470588
14 0.6708333333333333 0.5909926470588235 0.11458333333333333 0.20404411764705882
7 0.48593749999999997 0.4255514705882353 0.036458333333333336 0.11948529411764705
2 0.4609375 0.2849264705882353 0.06145833333333333 0.15441176470588236
2 0.6046875 0.3556985294117647 0.051041666666666666 0.05698529411764706
2 0.6921875 0.5183823529411765 0.21770833333333334 0.06985294117647059
33 0.5723958333333333 0.20588235294117646 0.07395833333333333 0.22794117647058823
32 0.5416666666666666 0.48253676470588236 0.09166666666666666 0.2849264705882353
43 0.40520833333333334 0.26838235294117646 0.16666666666666666 0.22426470588235295
44 0.2171875 0.5248161764705882 0.284375 0.2261029411764706
46 0.4276041666666667 0.7270220588235294 0.15104166666666666 0.5091911764705882
42 0.23645833333333333 0.46875 0.15 0.5441176470588235
