23 0.1625 0.4108455882352941 0.15 0.32169117647058826
23 0.6260416666666666 0.3630514705882353 0.08541666666666667 0.3474264705882353
0 0.2911458333333333 0.3327205882352941 0.15104166666666666 0.23161764705882354
0 0.4921875 0.2647058823529412 0.09270833333333334 0.20220588235294118
16 0.28541666666666665 0.7518382352941176 0.11041666666666666 0.22426470588235295
22 0.38697916666666665 0.2463235294117647 0.11354166666666667 0.20955882352941177
14 0.18958333333333333 0.6305147058823529 0.08125 0.16176470588235295
10 0.4510416666666667 0.7251838235294118 0.09375 0.21875
10 0.5651041666666666 0.6011029411764706 0.053125 0.19852941176470587
7 0.37864583333333335 0.5716911764705882 0.06979166666666667 0.11397058823529412
45 0.4322916666666667 0.45588235294117646 0.2 0.15808823529411764
38 0.5677083333333334 0.3446691176470588 0.04375 0.2077205882352941
