0 0.5945312500000001 0.621875 0.1921875 0.28125
2 0.5015625 0.490625 0.12187500000000001 0.20208333333333334
2 0.7109375 0.5697916666666667 0.215625 0.21458333333333332
2 0.7429687500000001 0.828125 0.07968750000000001 0.33541666666666664
12 0.4 0.8156249999999999 0.4625 0.28125
14 0.37734375000000003 0.5989583333333334 0.1265625 0.16041666666666665
4 0.32421875 0.44375 0.1203125 0.15416666666666667
45 0.32734375000000004 0.18125 0.1078125 0.3625
1 0.46171875 0.30416666666666664 0.1421875 0.22083333333333333
3 0.659375 0.378125 0.1375 0.15625
