28 0.5947916666666666 0.6397058823529411 0.0875 0.34558823529411764
16 0.17239583333333333 0.49816176470588236 0.121875 0.29044117647058826
14 0.22864583333333333 0.375 0.07395833333333333 0.12867647058823528
7 0.3494791666666667 0.5110294117647058 0.07395833333333333 0.1213235294117647
2 0.2109375 0.71875 0.21979166666666666 0.23161764705882354
2 0.19895833333333332 0.4898897058823529 0.20208333333333334 0.08272058823529412
33 0.2557291666666667 0.7233455882352942 0.11770833333333333 0.2775735294117647
32 0.30104166666666665 0.3556985294117647 0.08333333333333333 0.22977941176470587
43 0.47031249999999997 0.7610294117647058 0.16979166666666667 0.45588235294117646
38 0.6291666666666667 0.45588235294117646 0.15625 0.15808823529411764
44 0.5520833333333334 0.3529411764705882 0.20625 0.1948529411764706
46 0.375 0.32536764705882354 0.06666666666666667 0.27205882352941174
42 0.5020833333333333 0.16268382352941177 0.06875 0.32536764705882354
