9 0.47187500000000004 0.5302083333333333 0.08125 0.15208333333333332
9 0.44765625000000003 0.73125 0.13593750000000002 0.20833333333333334
7 0.63984375 0.7135416666666666 0.0859375 0.10625
34 0.7679687500000001 0.2916666666666667 0.0765625 0.275
27 0.87421875 0.5041666666666667 0.0921875 0.17916666666666667
16 0.31171875000000004 0.48854166666666665 0.13593750000000002 0.11875
26 0.5484375 0.3875 0.065625 0.15833333333333333
12 0.24921875000000002 0.7 0.2765625 0.2875
33 0.3203125 0.3875 0.07500000000000001 0.1375
29 0.8671875 0.6635416666666667 0.1 0.19375
