39 0.56484375 0.20729166666666665 0.060937500000000006 0.2604166666666667
31 0.6703125000000001 0.3729166666666667 0.08125 0.24166666666666667
19 0.4859375 0.2947916666666667 0.125 0.18541666666666667
19 0.67578125 0.37083333333333335 0.17343750000000002 0.1375
18 0.56796875 0.6104166666666666 0.2109375 0.2875
4 0.628125 0.275 0.0625 0.08333333333333333
10 0.39687500000000003 0.2760416666666667 0.05625 0.09375
10 0.31640625 0.4947916666666667 0.0921875 0.13541666666666666
47 0.403125 0.56875 0.08750000000000001 0.2791666666666667
27 0.37265625 0.3416666666666667 0.1078125 0.10833333333333334
28 0.7351562500000001 0.48541666666666666 0.0890625 0.19166666666666665
