1 0.6703125000000001 0.3145833333333333 0.1046875 0.24305555555555555
23 0.495703125 0.6673611111111112 0.11015625000000001 0.42083333333333334
37 0.6796875 0.5479166666666667 0.1859375 0.1736111111111111
47 0.6640625 0.5666666666666667 0.0859375 0.41111111111111115
34 0.358203125 0.2576388888888889 0.10703125000000001 0.34861111111111115
21 0.34140625 0.5513888888888889 0.1125 0.19722222222222224
20 0.439453125 0.32708333333333334 0.047656250000000004 0.1513888888888889
17 0.5203125000000001 0.3875 0.06875 0.2138888888888889
14 0.34609375000000003 0.46597222222222223 0.115625 0.09583333333333334
3 0.53671875 0.3027777777777778 0.08125 0.1388888888888889
2 0.577734375 0.4326388888888889 0.12734375 0.10694444444444445
36 0.41953125 0.6305555555555555 0.1046875 0.38333333333333336
