39 0.6828125 0.4458333333333333 0.08750000000000001 0.25416666666666665
31 0.44921875 0.471875 0.0703125 0.24375
19 0.5203125000000001 0.6208333333333333 0.2 0.2708333333333333
19 0.6921875000000001 0.45729166666666665 0.2 0.16041666666666665
18 0.36484375 0.37916666666666665 0.18281250000000002 0.22083333333333333
4 0.65 0.6041666666666666 0.084375 0.1125
10 0.55390625 0.265625 0.09531250000000001 0.09375
10 0.76328125 0.37604166666666666 0.08281250000000001 0.08541666666666667
47 0.39140625 0.17291666666666666 0.0703125 0.2375
27 0.6703125000000001 0.32708333333333334 0.10312500000000001 0.10833333333333334
28 0.34218750000000003 0.5072916666666667 0.084375 0.18958333333333333
