23 0.14583333333333334 0.3529411764705882 0.14375 0.4264705882352941
23 0.6635416666666667 0.4108455882352941 0.12083333333333333 0.4319852941176471
0 0.29583333333333334 0.3336397058823529 0.15416666666666667 0.23345588235294118
0 0.5223958333333333 0.33547794117647056 0.11145833333333333 0.20404411764705882
16 0.23489583333333333 0.7261029411764706 0.11979166666666667 0.3051470588235294
22 0.4119791666666667 0.28768382352941174 0.11145833333333333 0.24080882352941177
14 0.13802083333333334 0.5955882352941176 0.08645833333333333 0.1764705882352941
10 0.4317708333333333 0.7738970588235294 0.12395833333333334 0.2536764705882353
10 0.578125 0.6553308823529411 0.07916666666666666 0.2555147058823529
7 0.365625 0.5863970588235294 0.08333333333333333 0.1213235294117647
45 0.4380208333333333 0.4898897058823529 0.22395833333333334 0.20404411764705882
38 0.5994791666666667 0.40441176470588236 0.06145833333333333 0.25735294117647056
