20 0.6859375 0.4117647058823529 0.051041666666666666 0.15073529411764705
14 0.5958333333333333 0.2757352941176471 0.0625 0.1213235294117647
10 0.359375 0.3327205882352941 0.1 0.15808823529411764
10 0.28854166666666664 0.5082720588235294 0.11458333333333333 0.17095588235294118
0 0.39375 0.5790441176470588 0.12083333333333333 0.34558823529411764
1 0.3890625 0.3685661764705882 0.11770833333333333 0.21875
7 0.5010416666666666 0.35753676470588236 0.06666666666666667 0.10110294117647059
32 0.5484375 0.4071691176470588 0.06770833333333333 0.2113970588235294
29 0.471875 0.7141544117647058 0.0875 0.23713235294117646
16 0.4640625 0.2104779411764706 0.059375 0.22242647058823528
21 0.6177083333333333 0.5891544117647058 0.11666666666666667 0.24448529411764705
