9 0.32109375 0.496875 0.15781250000000002 0.13541666666666666
9 0.5015625 0.3572916666666667 0.12812500000000002 0.14375
16 0.41796875 0.2677083333333333 0.0765625 0.12708333333333333
12 0.27187500000000003 0.4041666666666667 0.21875 0.14583333333333334
34 0.83359375 0.18645833333333334 0.1046875 0.3520833333333333
33 0.46875 0.18125 0.07187500000000001 0.14166666666666666
7 0.40546875000000004 0.565625 0.07968750000000001 0.09375
27 0.71484375 0.4927083333333333 0.1078125 0.22291666666666665
29 0.55078125 0.6322916666666667 0.11093750000000001 0.19791666666666666
26 0.6117187500000001 0.23333333333333334 0.08281250000000001 0.1625
