28 0.27447916666666666 0.7141544117647058 0.11562499999999999 0.3474264705882353
16 0.3072916666666667 0.29044117647058826 0.08333333333333333 0.2389705882352941
7 0.3885416666666667 0.45036764705882354 0.07291666666666667 0.11029411764705882
2 0.27447916666666666 0.4586397058823529 0.10729166666666666 0.07904411764705882
2 0.384375 0.32996323529411764 0.08541666666666667 0.13051470588235295
33 0.1859375 0.46047794117647056 0.09895833333333333 0.24080882352941177
32 0.4505208333333333 0.30974264705882354 0.065625 0.2113970588235294
43 0.240625 0.6700367647058824 0.3 0.1488970588235294
38 0.5427083333333333 0.7288602941176471 0.07708333333333334 0.3069852941176471
44 0.6229166666666667 0.5477941176470588 0.2520833333333333 0.22794117647058823
46 0.5213541666666667 0.37775735294117646 0.15104166666666666 0.17830882352941177
42 0.6322916666666667 0.31525735294117646 0.07708333333333334 0.4025735294117647
