1 0.3171875 0.3736111111111111 0.096875 0.18055555555555555
23 0.48046875 0.5756944444444445 0.19843750000000002 0.16527777777777777
37 0.43515625 0.38819444444444445 0.037500000000000006 0.2125
47 0.534765625 0.4354166666666667 0.18984375 0.1513888888888889
34 0.4625 0.6687500000000001 0.203125 0.13194444444444445
21 0.39570312500000004 0.7479166666666667 0.08984375 0.15694444444444444
20 0.248046875 0.6861111111111111 0.06171875 0.1388888888888889
17 0.345703125 0.5159722222222223 0.07265625 0.16805555555555557
14 0.32890625 0.8326388888888889 0.08125 0.12638888888888888
3 0.24375000000000002 0.5034722222222222 0.0859375 0.1513888888888889
2 0.215625 0.61875 0.037500000000000006 0.18194444444444446
36 0.26328125 0.8027777777777778 0.15781250000000002 0.3138888888888889
