20 0.21822916666666667 0.5386029411764706 0.08229166666666667 0.16911764705882354
10 0.6239583333333333 0.3382352941176471 0.1 0.14705882352941177
10 0.6760416666666667 0.5284926470588235 0.11041666666666666 0.2150735294117647
21 0.28020833333333334 0.32169117647058826 0.11041666666666666 0.17279411764705882
0 0.47291666666666665 0.23805147058823528 0.1 0.28125
1 0.5625 0.4007352941176471 0.12916666666666665 0.2610294117647059
16 0.5822916666666667 0.6645220588235294 0.09375 0.3363970588235294
7 0.4786458333333333 0.5882352941176471 0.078125 0.11397058823529412
32 0.3755208333333333 0.4154411764705882 0.08854166666666667 0.25
29 0.3765625 0.19117647058823528 0.06979166666666667 0.19117647058823528
14 0.3770833333333333 0.8088235294117647 0.10625 0.22794117647058823
