10 0.65 0.4510416666666667 0.10312500000000001 0.08125
10 0.29140625000000003 0.515625 0.08281250000000001 0.14375
10 0.30078125 0.5802083333333333 0.1078125 0.08541666666666667
28 0.3875 0.46041666666666664 0.05625 0.17083333333333334
28 0.42109375000000004 0.5833333333333334 0.1390625 0.12916666666666665
28 0.41171875 0.5989583333333334 0.06406250000000001 0.18958333333333333
44 0.42812500000000003 0.31145833333333334 0.05625 0.23124999999999998
44 0.5375 0.4791666666666667 0.1 0.18333333333333332
12 0.5453125 0.6166666666666667 0.08125 0.25416666666666665
12 0.65546875 0.5677083333333334 0.0890625 0.16041666666666665
