20 0.5020833333333333 0.640625 0.0625 0.17830882352941177
14 0.6875 0.5284926470588235 0.11041666666666666 0.1488970588235294
10 0.56875 0.2766544117647059 0.07083333333333333 0.16727941176470587
10 0.4161458333333333 0.28308823529411764 0.07395833333333333 0.13602941176470587
0 0.31197916666666664 0.34558823529411764 0.15104166666666666 0.22426470588235295
1 0.4921875 0.30974264705882354 0.096875 0.2150735294117647
7 0.5697916666666667 0.42922794117647056 0.06458333333333333 0.11948529411764705
32 0.4588541666666667 0.4430147058823529 0.071875 0.22058823529411764
29 0.22343749999999998 0.4319852941176471 0.090625 0.20220588235294118
16 0.6645833333333333 0.3134191176470588 0.07291666666666667 0.24816176470588236
21 0.31197916666666664 0.5523897058823529 0.13020833333333334 0.23345588235294118
