28 0.45 0.12040441176470588 0.06875 0.22242647058823528
16 0.5953125 0.5974264705882353 0.09895833333333333 0.3235294117647059
14 0.42291666666666666 0.8869485294117647 0.15 0.22242647058823528
7 0.4510416666666667 0.5238970588235294 0.07708333333333334 0.12867647058823528
2 0.5395833333333333 0.3272058823529412 0.12291666666666666 0.12867647058823528
2 0.6369791666666667 0.5505514705882353 0.23020833333333332 0.08272058823529412
2 0.53125 0.8235294117647058 0.20208333333333334 0.2536764705882353
33 0.6395833333333333 0.35018382352941174 0.07916666666666666 0.24816176470588236
32 0.37604166666666666 0.6305147058823529 0.10416666666666667 0.28308823529411764
43 0.5140625 0.2775735294117647 0.23229166666666667 0.16544117647058823
38 0.26927083333333335 0.3023897058823529 0.06354166666666666 0.18566176470588236
44 0.24427083333333333 0.421875 0.159375 0.17095588235294118
46 0.17916666666666667 0.6553308823529411 0.3145833333333333 0.4025735294117647
42 0.128125 0.3952205882352941 0.15416666666666667 0.4742647058823529
