20 0.36562500000000003 0.8048611111111111 0.0734375 0.1902777777777778
36 0.39960937500000004 0.17430555555555557 0.07109375 0.34861111111111115
38 0.31289062500000003 0.31875000000000003 0.06796875000000001 0.23750000000000002
34 0.521484375 0.16666666666666669 0.06171875 0.33333333333333337
39 0.46601562500000004 0.2902777777777778 0.06640625 0.3805555555555556
11 0.69453125 0.5340277777777778 0.115625 0.27361111111111114
37 0.35781250000000003 0.5409722222222222 0.09843750000000001 0.3402777777777778
42 0.576171875 0.3423611111111111 0.07265625 0.32083333333333336
14 0.260546875 0.5013888888888889 0.07734375 0.15
19 0.6410156250000001 0.37569444444444444 0.13203125000000002 0.2152777777777778
1 0.55703125 0.6340277777777779 0.12812500000000002 0.29305555555555557
