20 0.507421875 0.7736111111111111 0.06484375 0.18333333333333335
36 0.25234375000000003 0.22083333333333335 0.1078125 0.3666666666666667
38 0.22382812500000002 0.43333333333333335 0.09765625 0.2555555555555556
34 0.34492187500000004 0.1486111111111111 0.06953125 0.2972222222222222
39 0.3828125 0.27708333333333335 0.07968750000000001 0.3763888888888889
11 0.6218750000000001 0.3076388888888889 0.084375 0.25972222222222224
37 0.41523437500000004 0.5729166666666667 0.08671875000000001 0.3402777777777778
42 0.51328125 0.26805555555555555 0.065625 0.3944444444444445
14 0.24765625000000002 0.6597222222222222 0.0890625 0.1527777777777778
19 0.494921875 0.25 0.15703125 0.16944444444444445
1 0.575390625 0.49097222222222225 0.11484375000000001 0.27083333333333337
