28 0.43125 0.3520833333333333 0.09062500000000001 0.2833333333333333
28 0.43593750000000003 0.5697916666666667 0.078125 0.18125
21 0.3140625 0.3052083333333333 0.15000000000000002 0.19791666666666666
21 0.40859375000000003 0.175 0.1421875 0.175
4 0.6078125000000001 0.6041666666666666 0.115625 0.175
4 0.278125 0.6854166666666667 0.1125 0.14166666666666666
13 0.32421875 0.3416666666666667 0.0859375 0.3416666666666667
13 0.6257812500000001 0.3104166666666667 0.0765625 0.3375
13 0.29531250000000003 0.48125 0.10312500000000001 0.32916666666666666
45 0.553125 0.37083333333333335 0.125 0.22083333333333333
