28 0.2791666666666667 0.18474264705882354 0.07708333333333334 0.2738970588235294
16 0.6375 0.3272058823529412 0.0875 0.28308823529411764
14 0.6619791666666667 0.5873161764705882 0.109375 0.19669117647058823
7 0.47031249999999997 0.421875 0.057291666666666664 0.11580882352941177
2 0.6692708333333334 0.5082720588235294 0.190625 0.07536764705882353
2 0.5697916666666667 0.3400735294117647 0.05625 0.058823529411764705
2 0.4119791666666667 0.27481617647058826 0.04479166666666667 0.15625
33 0.525 0.20220588235294118 0.06666666666666667 0.22426470588235295
32 0.5364583333333334 0.4834558823529412 0.08541666666666667 0.26838235294117646
43 0.3598958333333333 0.2619485294117647 0.153125 0.23345588235294118
38 0.14947916666666666 0.4273897058823529 0.08229166666666667 0.13786764705882354
44 0.20104166666666667 0.5431985294117647 0.29375 0.25183823529411764
46 0.390625 0.7141544117647058 0.09166666666666666 0.5275735294117647
42 0.24947916666666667 0.49724264705882354 0.134375 0.5386029411764706
