23 0.358984375 0.5743055555555556 0.22578125000000002 0.3680555555555556
47 0.44375000000000003 0.7458333333333333 0.1078125 0.47222222222222227
37 0.603125 0.5493055555555556 0.2234375 0.1902777777777778
34 0.28671875 0.5243055555555556 0.2078125 0.3013888888888889
17 0.453125 0.33819444444444446 0.0765625 0.2569444444444445
21 0.24609375 0.4236111111111111 0.11093750000000001 0.18888888888888888
36 0.32265625000000003 0.3111111111111111 0.12812500000000002 0.15833333333333333
20 0.40390625 0.2986111111111111 0.046875 0.1388888888888889
1 0.637890625 0.34375 0.10859375 0.23194444444444445
3 0.5421875 0.27222222222222225 0.09375 0.18055555555555555
