23 0.23020833333333332 0.6452205882352942 0.14791666666666667 0.4227941176470588
23 0.6166666666666667 0.21966911764705882 0.09375 0.3805147058823529
0 0.5109375 0.8345588235294118 0.178125 0.3272058823529412
0 0.6286458333333333 0.45955882352941174 0.12395833333333334 0.25
16 0.4010416666666667 0.2306985294117647 0.07083333333333333 0.23345588235294118
22 0.6161458333333333 0.6700367647058824 0.184375 0.20036764705882354
14 0.5401041666666666 0.2803308823529412 0.07395833333333333 0.12683823529411764
10 0.3177083333333333 0.4301470588235294 0.09375 0.1801470588235294
7 0.4328125 0.43933823529411764 0.06770833333333333 0.10661764705882353
45 0.45208333333333334 0.5487132352941176 0.2 0.22242647058823528
38 0.33177083333333335 0.7288602941176471 0.08645833333333333 0.2702205882352941
