21 0.533203125 0.6027777777777777 0.11953125 0.19722222222222224
20 0.21054687500000002 0.6756944444444445 0.07421875 0.15972222222222224
3 0.436328125 0.24791666666666667 0.09296875 0.13194444444444445
2 0.41328125000000004 0.3625 0.14375000000000002 0.10833333333333334
39 0.420703125 0.4256944444444445 0.18046875 0.20694444444444446
42 0.45039062500000004 0.3493055555555556 0.07734375 0.44027777777777777
25 0.265625 0.2673611111111111 0.15937500000000002 0.37083333333333335
16 0.267578125 0.5715277777777777 0.13203125000000002 0.2152777777777778
19 0.5953125 0.4201388888888889 0.1390625 0.1875
4 0.342578125 0.6868055555555556 0.09609375 0.18194444444444446
