26 0.6687500000000001 0.40625 0.078125 0.19166666666666665
12 0.3125 0.7114583333333333 0.34375 0.16041666666666665
29 0.553125 0.35833333333333334 0.065625 0.14583333333333334
44 0.30546875 0.3145833333333333 0.09531250000000001 0.3125
35 0.8125 0.24791666666666667 0.09062500000000001 0.3125
20 0.37812500000000004 0.44479166666666664 0.059375000000000004 0.12708333333333333
0 0.23125 0.5552083333333333 0.171875 0.18541666666666667
0 0.7937500000000001 0.6197916666666666 0.22187500000000002 0.23541666666666666
14 0.4609375 0.39166666666666666 0.06875 0.1
2 0.5796875 0.5427083333333333 0.18125000000000002 0.10625
2 0.55625 0.6177083333333333 0.225 0.08958333333333333
