2 0.46015625000000004 0.4114583333333333 0.0921875 0.14375
2 0.42578125 0.54375 0.045312500000000006 0.19166666666666665
2 0.28515625 0.471875 0.0421875 0.18958333333333333
28 0.5125000000000001 0.5864583333333333 0.078125 0.23541666666666666
19 0.6703125000000001 0.353125 0.12187500000000001 0.35625
19 0.18046875 0.584375 0.2328125 0.2520833333333333
38 0.33203125 0.64375 0.09531250000000001 0.225
11 0.54609375 0.34791666666666665 0.0890625 0.2125
7 0.3921875 0.34375 0.046875 0.07083333333333333
39 0.36171875000000003 0.428125 0.0921875 0.3104166666666667
