20 0.6026041666666666 0.35661764705882354 0.04895833333333333 0.15808823529411764
14 0.4765625 0.2601102941176471 0.06354166666666666 0.11213235294117647
10 0.2505208333333333 0.3897058823529412 0.09479166666666666 0.16911764705882354
10 0.23958333333333334 0.5974264705882353 0.13125 0.16911764705882354
0 0.39739583333333334 0.6194852941176471 0.11770833333333333 0.3602941176470588
1 0.3260416666666667 0.4375 0.12291666666666666 0.25
7 0.40781249999999997 0.36213235294117646 0.05520833333333333 0.09558823529411764
32 0.48854166666666665 0.4007352941176471 0.06875 0.20955882352941177
29 0.50625 0.7049632352941176 0.09166666666666666 0.2555147058823529
16 0.3442708333333333 0.23529411764705882 0.07395833333333333 0.20220588235294118
21 0.5989583333333334 0.5284926470588235 0.10208333333333333 0.2113970588235294
