0 0.7156250000000001 0.4895833333333333 0.21250000000000002 0.22083333333333333
1 0.5234375 0.22708333333333333 0.15000000000000002 0.22916666666666666
2 0.73203125 0.21979166666666666 0.11093750000000001 0.18541666666666667
2 0.7210937500000001 0.4375 0.13593750000000002 0.26666666666666666
2 0.359375 0.48541666666666666 0.046875 0.24583333333333332
3 0.73046875 0.26145833333333335 0.1296875 0.15625
4 0.52890625 0.396875 0.11093750000000001 0.15625
45 0.29921875000000003 0.18125 0.1265625 0.3625
12 0.57578125 0.69375 0.42031250000000003 0.18333333333333332
14 0.44062500000000004 0.53125 0.1 0.17916666666666667
