28 0.6401041666666667 0.53125 0.09479166666666666 0.3529411764705882
16 0.15208333333333332 0.6847426470588235 0.14791666666666667 0.31433823529411764
14 0.16145833333333334 0.5441176470588235 0.075 0.125
7 0.33541666666666664 0.5919117647058824 0.08333333333333333 0.12867647058823528
2 0.15520833333333334 0.6893382352941176 0.21875 0.20220588235294118
2 0.228125 0.9126838235294118 0.09375 0.17095588235294118
2 0.5286458333333334 0.8318014705882353 0.09895833333333333 0.3327205882352941
33 0.3260416666666667 0.8308823529411764 0.13541666666666666 0.3088235294117647
32 0.2421875 0.47518382352941174 0.10729166666666666 0.2261029411764706
43 0.5541666666666667 0.7279411764705882 0.08541666666666667 0.4852941176470588
38 0.590625 0.3915441176470588 0.14791666666666667 0.12867647058823528
44 0.4942708333333333 0.3556985294117647 0.16145833333333334 0.26286764705882354
46 0.27291666666666664 0.43474264705882354 0.19166666666666665 0.17830882352941177
42 0.4109375 0.1994485294117647 0.09270833333333334 0.3988970588235294
