39 0.43671875000000004 0.3451388888888889 0.06406250000000001 0.3819444444444445
19 0.351171875 0.36736111111111114 0.11015625000000001 0.19861111111111113
34 0.27187500000000003 0.36180555555555555 0.1 0.3763888888888889
3 0.309375 0.6409722222222223 0.12187500000000001 0.20416666666666666
2 0.393359375 0.58125 0.05234375 0.02638888888888889
42 0.471484375 0.24166666666666667 0.05234375 0.3611111111111111
37 0.63984375 0.33611111111111114 0.0671875 0.2
1 0.556640625 0.3104166666666667 0.08671875000000001 0.2013888888888889
25 0.5375 0.5770833333333334 0.2609375 0.3763888888888889
20 0.6937500000000001 0.4076388888888889 0.046875 0.13194444444444445
