14 0.6238281250000001 0.13472222222222222 0.05078125 0.10555555555555556
1 0.417578125 0.19861111111111113 0.06328125 0.18333333333333335
19 0.5007812500000001 0.44722222222222224 0.18281250000000002 0.22222222222222224
11 0.382421875 0.28958333333333336 0.07109375 0.2125
38 0.6671875 0.12569444444444444 0.037500000000000006 0.1125
42 0.468359375 0.1798611111111111 0.05234375 0.31527777777777777
39 0.5703125 0.17569444444444446 0.0546875 0.3180555555555556
36 0.694921875 0.20833333333333334 0.06953125 0.325
34 0.6335937500000001 0.3111111111111111 0.07500000000000001 0.325
37 0.5203125000000001 0.10138888888888889 0.045312500000000006 0.19722222222222224
