40 0.321875 0.421875 0.109375 0.39375
33 0.33828125000000003 0.20625 0.07968750000000001 0.175
33 0.36484375 0.3614583333333333 0.051562500000000004 0.14375
32 0.63671875 0.184375 0.0671875 0.16875
27 0.49296875 0.3520833333333333 0.1015625 0.2375
27 0.5015625 0.5604166666666667 0.09375 0.1875
31 0.46406250000000004 0.18854166666666666 0.059375000000000004 0.13541666666666666
31 0.60859375 0.3489583333333333 0.0734375 0.3145833333333333
2 0.375 0.6104166666666666 0.053125000000000006 0.2
2 0.703125 0.48854166666666665 0.12812500000000002 0.06458333333333333
