20 0.225 0.7138888888888889 0.07968750000000001 0.17500000000000002
36 0.42734375 0.10277777777777779 0.065625 0.19444444444444445
38 0.33320312500000004 0.2833333333333333 0.06796875000000001 0.21944444444444444
34 0.54453125 0.19583333333333333 0.0625 0.35000000000000003
39 0.43398437500000003 0.2986111111111111 0.06796875000000001 0.35833333333333334
11 0.582421875 0.6284722222222222 0.09765625 0.27361111111111114
37 0.27109375 0.48958333333333337 0.10625000000000001 0.3236111111111111
42 0.49140625000000004 0.4291666666666667 0.065625 0.4027777777777778
19 0.6156250000000001 0.45 0.1375 0.21666666666666667
1 0.41718750000000004 0.6506944444444445 0.13125 0.2902777777777778
