20 0.185546875 0.5506944444444445 0.07578125000000001 0.16805555555555557
36 0.54921875 0.18958333333333335 0.07187500000000001 0.3625
38 0.43125 0.24097222222222223 0.053125000000000006 0.22361111111111112
34 0.6468750000000001 0.2833333333333333 0.09062500000000001 0.3805555555555556
39 0.4859375 0.30833333333333335 0.06406250000000001 0.3805555555555556
11 0.49609375 0.7673611111111112 0.109375 0.3013888888888889
37 0.275 0.37986111111111115 0.09375 0.33194444444444443
42 0.46406250000000004 0.4666666666666667 0.0734375 0.4166666666666667
14 0.340625 0.31666666666666665 0.0734375 0.11666666666666667
19 0.644140625 0.6145833333333334 0.22734375 0.28194444444444444
1 0.34296875000000004 0.6451388888888889 0.1390625 0.30694444444444446
