1 0.42812500000000003 0.2652777777777778 0.084375 0.18333333333333335
23 0.45156250000000003 0.5638888888888889 0.140625 0.28611111111111115
37 0.52265625 0.3805555555555556 0.115625 0.19166666666666668
47 0.5554687500000001 0.5444444444444445 0.18906250000000002 0.17500000000000002
34 0.38125000000000003 0.6194444444444445 0.13125 0.27222222222222225
21 0.30585937500000004 0.6263888888888889 0.08203125 0.17222222222222222
20 0.2625 0.42430555555555555 0.060937500000000006 0.1375
17 0.371875 0.38680555555555557 0.059375000000000004 0.19861111111111113
14 0.242578125 0.6180555555555556 0.05859375 0.14444444444444446
3 0.33320312500000004 0.3479166666666667 0.049218750000000006 0.15972222222222224
2 0.2921875 0.3597222222222222 0.05625 0.075
36 0.21835937500000002 0.5013888888888889 0.19453125000000002 0.08055555555555556
