40 0.5671875000000001 0.428125 0.096875 0.39791666666666664
33 0.29609375 0.275 0.09843750000000001 0.20416666666666666
33 0.31328125 0.45208333333333334 0.0921875 0.16666666666666666
33 0.41484375 0.3677083333333333 0.11093750000000001 0.10208333333333333
32 0.45546875000000003 0.16770833333333332 0.0671875 0.16458333333333333
32 0.46015625000000004 0.31354166666666666 0.060937500000000006 0.12291666666666666
27 0.70859375 0.27291666666666664 0.09531250000000001 0.2125
27 0.6960937500000001 0.45625 0.0859375 0.17083333333333334
31 0.57421875 0.23124999999999998 0.06406250000000001 0.17083333333333334
2 0.6234375000000001 0.5822916666666667 0.21250000000000002 0.11458333333333333
