23 0.24947916666666667 0.3014705882352941 0.12604166666666666 0.4007352941176471
23 0.7557291666666667 0.44025735294117646 0.13645833333333332 0.42463235294117646
0 0.39427083333333335 0.2977941176470588 0.14479166666666665 0.21691176470588236
0 0.6171875 0.3226102941176471 0.121875 0.22242647058823528
16 0.3145833333333333 0.6884191176470588 0.10833333333333334 0.2922794117647059
22 0.5078125 0.2610294117647059 0.096875 0.2610294117647059
14 0.23645833333333333 0.5358455882352942 0.09375 0.17095588235294118
10 0.5015625 0.7619485294117647 0.12604166666666666 0.25183823529411764
10 0.6536458333333334 0.6755514705882353 0.08854166666666667 0.24448529411764705
7 0.4484375 0.5661764705882353 0.078125 0.1213235294117647
45 0.5239583333333333 0.4733455882352941 0.21041666666666667 0.22242647058823528
38 0.6911458333333333 0.4154411764705882 0.07395833333333333 0.2610294117647059
