28 0.43124999999999997 0.1130514705882353 0.06666666666666667 0.19669117647058823
16 0.6416666666666666 0.43566176470588236 0.09166666666666666 0.33455882352941174
14 0.5197916666666667 0.7058823529411764 0.14375 0.20220588235294118
7 0.49583333333333335 0.4430147058823529 0.04791666666666666 0.1323529411764706
2 0.6072916666666667 0.6544117647058824 0.23124999999999998 0.15808823529411764
2 0.6604166666666667 0.4264705882352941 0.22083333333333333 0.0625
2 0.5427083333333333 0.28400735294117646 0.11875 0.13786764705882354
33 0.6416666666666666 0.2077205882352941 0.075 0.17279411764705882
32 0.440625 0.5220588235294118 0.10208333333333333 0.2867647058823529
43 0.49947916666666664 0.24448529411764705 0.20729166666666665 0.17279411764705882
38 0.2708333333333333 0.3023897058823529 0.07291666666666667 0.11948529411764705
44 0.22864583333333333 0.41911764705882354 0.24687499999999998 0.13970588235294118
46 0.2015625 0.6865808823529411 0.24895833333333334 0.49080882352941174
42 0.1625 0.3584558823529412 0.13125 0.4889705882352941
