37 0.32656250000000003 0.4458333333333333 0.08125 0.22083333333333333
37 0.6195312500000001 0.4614583333333333 0.0765625 0.21875
26 0.48359375000000004 0.5385416666666667 0.0765625 0.15625
3 0.43125 0.4739583333333333 0.1 0.07291666666666667
3 0.42500000000000004 0.5375 0.065625 0.06666666666666667
41 0.43046875 0.3645833333333333 0.060937500000000006 0.18333333333333332
10 0.54609375 0.40729166666666666 0.045312500000000006 0.10208333333333333
10 0.48281250000000003 0.4239583333333333 0.05 0.07291666666666667
21 0.6257812500000001 0.26666666666666666 0.1015625 0.11666666666666667
21 0.63046875 0.3677083333333333 0.1046875 0.09791666666666667
