28 0.5729166666666666 0.6966911764705882 0.11458333333333333 0.40441176470588236
16 0.20572916666666666 0.45955882352941174 0.13020833333333334 0.2757352941176471
14 0.2875 0.3520220588235294 0.0875 0.13419117647058823
7 0.38229166666666664 0.5027573529411765 0.07083333333333333 0.13051470588235295
2 0.21822916666666667 0.6902573529411765 0.234375 0.19301470588235295
2 0.3 0.45955882352941174 0.10833333333333334 0.044117647058823525
33 0.22291666666666665 0.7095588235294118 0.1375 0.2977941176470588
32 0.3578125 0.33088235294117646 0.09270833333333334 0.22794117647058823
43 0.421875 0.7867647058823529 0.22083333333333333 0.41911764705882354
38 0.69375 0.4935661764705882 0.18333333333333332 0.2113970588235294
44 0.6416666666666666 0.3805147058823529 0.25416666666666665 0.21323529411764705
46 0.42916666666666664 0.30974264705882354 0.09375 0.2665441176470588
42 0.5807291666666666 0.17003676470588236 0.084375 0.3400735294117647
