1 0.32109375 0.4340277777777778 0.10625000000000001 0.19305555555555556
23 0.5203125000000001 0.2798611111111111 0.078125 0.18194444444444446
37 0.370703125 0.32430555555555557 0.13203125000000002 0.13472222222222222
47 0.45937500000000003 0.22291666666666668 0.0578125 0.1763888888888889
34 0.566796875 0.33819444444444446 0.06484375 0.2152777777777778
21 0.6117187500000001 0.3541666666666667 0.0734375 0.16111111111111112
20 0.529296875 0.5291666666666667 0.04453125 0.11666666666666667
17 0.46640625 0.36458333333333337 0.0546875 0.15694444444444444
14 0.6351562500000001 0.4465277777777778 0.053125000000000006 0.11805555555555557
3 0.4453125 0.4708333333333333 0.08750000000000001 0.1638888888888889
2 0.43867187500000004 0.6222222222222222 0.15390625000000002 0.09444444444444444
36 0.60078125 0.5270833333333333 0.1546875 0.2125
