1 0.34687500000000004 0.33194444444444443 0.10312500000000001 0.24166666666666667
23 0.6019531250000001 0.21805555555555556 0.12890625 0.20833333333333334
37 0.43515625 0.21805555555555556 0.171875 0.17777777777777778
47 0.48945312500000004 0.11944444444444445 0.047656250000000004 0.2388888888888889
34 0.650390625 0.42638888888888893 0.07421875 0.4083333333333333
21 0.7113281250000001 0.3298611111111111 0.08984375 0.1736111111111111
20 0.565625 0.5388888888888889 0.0546875 0.15555555555555556
17 0.52109375 0.3111111111111111 0.06875 0.23333333333333334
14 0.693359375 0.44583333333333336 0.08515625 0.1388888888888889
3 0.448828125 0.5076388888888889 0.11328125 0.1875
2 0.467578125 0.40347222222222223 0.10703125000000001 0.2013888888888889
36 0.6375000000000001 0.27222222222222225 0.1234375 0.19166666666666668
