20 0.440625 0.7591911764705882 0.07083333333333333 0.19852941176470587
10 0.4588541666666667 0.2738970588235294 0.10520833333333333 0.15073529411764705
10 0.6270833333333333 0.31893382352941174 0.07291666666666667 0.19301470588235295
21 0.2713541666666667 0.5854779411764706 0.134375 0.2261029411764706
0 0.33229166666666665 0.33088235294117646 0.16666666666666666 0.2757352941176471
1 0.5234375 0.33731617647058826 0.10104166666666667 0.25183823529411764
16 0.715625 0.4154411764705882 0.08333333333333333 0.29411764705882354
7 0.5901041666666667 0.5082720588235294 0.07395833333333333 0.13051470588235295
32 0.4484375 0.5027573529411765 0.08645833333333333 0.24816176470588236
29 0.21770833333333334 0.3998161764705882 0.09375 0.20404411764705882
14 0.6901041666666666 0.6884191176470588 0.13229166666666667 0.18198529411764705
