2 0.4703125 0.5135416666666667 0.20625000000000002 0.08125
2 0.34921875 0.49895833333333334 0.18906250000000002 0.09791666666666667
2 0.40703125 0.6791666666666667 0.22031250000000002 0.10416666666666667
28 0.5867187500000001 0.34270833333333334 0.0671875 0.21041666666666667
19 0.38359375 0.225 0.1609375 0.25416666666666665
19 0.540625 0.78125 0.27187500000000003 0.37083333333333335
38 0.6546875000000001 0.4875 0.078125 0.20833333333333334
11 0.3375 0.34791666666666665 0.09375 0.20833333333333334
7 0.27578125000000003 0.5677083333333334 0.07968750000000001 0.09375
39 0.5007812500000001 0.4322916666666667 0.07968750000000001 0.33541666666666664
