3 0.3125 0.3677083333333333 0.078125 0.08541666666666667
3 0.2984375 0.46979166666666666 0.146875 0.16458333333333333
3 0.328125 0.359375 0.12812500000000002 0.15208333333333332
35 0.49843750000000003 0.4864583333333333 0.1125 0.40208333333333335
28 0.43671875000000004 0.35625 0.07968750000000001 0.25416666666666665
28 0.32890625 0.5583333333333333 0.2109375 0.2125
28 0.6890625 0.384375 0.10625000000000001 0.26875
43 0.45234375000000004 0.15520833333333334 0.0765625 0.3020833333333333
43 0.6328125 0.196875 0.09062500000000001 0.34791666666666665
48 0.59921875 0.4166666666666667 0.11406250000000001 0.17916666666666667
