20 0.3385416666666667 0.7941176470588235 0.07708333333333334 0.19852941176470587
10 0.47239583333333335 0.31525735294117646 0.10104166666666667 0.1488970588235294
10 0.6197916666666666 0.41268382352941174 0.06458333333333333 0.20404411764705882
21 0.22395833333333334 0.5772058823529411 0.10625 0.20588235294117646
0 0.3333333333333333 0.32996323529411764 0.14791666666666667 0.2555147058823529
1 0.5088541666666666 0.4071691176470588 0.11145833333333333 0.24448529411764705
16 0.675 0.5422794117647058 0.10208333333333333 0.2757352941176471
7 0.5416666666666666 0.5955882352941176 0.07291666666666667 0.13602941176470587
32 0.3963541666666667 0.5431985294117647 0.08229166666666667 0.23345588235294118
29 0.2203125 0.3740808823529412 0.08229166666666667 0.19301470588235295
14 0.59375 0.8327205882352942 0.125 0.1838235294117647
