10 0.66171875 0.5135416666666667 0.0734375 0.13541666666666666
10 0.6546875000000001 0.5854166666666667 0.10312500000000001 0.1125
10 0.3640625 0.375 0.096875 0.10416666666666667
28 0.6257812500000001 0.39166666666666666 0.0546875 0.14166666666666666
28 0.6046875 0.4791666666666667 0.06875 0.0875
28 0.54453125 0.4979166666666667 0.0578125 0.17916666666666667
44 0.415625 0.459375 0.1875 0.10208333333333333
44 0.38906250000000003 0.5510416666666667 0.07500000000000001 0.25625
12 0.39921875 0.39166666666666666 0.1421875 0.14166666666666666
12 0.5171875 0.3854166666666667 0.1625 0.0875
