40 0.3046875 0.4114583333333333 0.10312500000000001 0.3854166666666667
33 0.3515625 0.2 0.078125 0.175
33 0.3671875 0.35520833333333335 0.07187500000000001 0.13958333333333334
33 0.5421875 0.35833333333333334 0.059375000000000004 0.10416666666666667
32 0.6531250000000001 0.18854166666666666 0.07187500000000001 0.18125
32 0.65546875 0.346875 0.045312500000000006 0.13541666666666666
27 0.4625 0.35625 0.10312500000000001 0.24583333333333332
27 0.47187500000000004 0.5604166666666667 0.09375 0.1875
31 0.6015625 0.3572916666666667 0.078125 0.31875
31 0.48359375000000004 0.20625 0.06406250000000001 0.175
2 0.7000000000000001 0.5041666666666667 0.12812500000000002 0.08333333333333333
2 0.3515625 0.6041666666666666 0.08750000000000001 0.2
