20 0.607421875 0.6013888888888889 0.04453125 0.13055555555555556
14 0.39687500000000003 0.6972222222222223 0.08281250000000001 0.11388888888888889
1 0.56875 0.41944444444444445 0.084375 0.19444444444444445
19 0.413671875 0.34652777777777777 0.11171875 0.12083333333333333
11 0.55 0.2763888888888889 0.05625 0.17500000000000002
38 0.326953125 0.5659722222222222 0.06953125 0.19861111111111113
42 0.49335937500000004 0.3111111111111111 0.05390625 0.28611111111111115
39 0.408203125 0.3791666666666667 0.06328125 0.2888888888888889
36 0.28359375000000003 0.4166666666666667 0.078125 0.28055555555555556
34 0.322265625 0.3076388888888889 0.07890625000000001 0.27361111111111114
37 0.5164062500000001 0.5284722222222222 0.06875 0.25972222222222224
