0 0.35390625000000003 0.5083333333333333 0.1203125 0.16666666666666666
0 0.45859375 0.2708333333333333 0.0921875 0.1
14 0.58828125 0.35104166666666664 0.045312500000000006 0.06041666666666667
2 0.41250000000000003 0.40208333333333335 0.043750000000000004 0.08333333333333333
2 0.46171875 0.4354166666666667 0.0859375 0.10416666666666667
12 0.3484375 0.3208333333333333 0.053125000000000006 0.14583333333333334
29 0.60859375 0.39375 0.0546875 0.10833333333333334
26 0.52890625 0.44166666666666665 0.0546875 0.1375
20 0.52734375 0.3104166666666667 0.035937500000000004 0.0875
35 0.6468750000000001 0.5020833333333333 0.07500000000000001 0.25416666666666665
44 0.571875 0.21979166666666666 0.053125000000000006 0.20625
