41 0.62265625 0.39791666666666664 0.051562500000000004 0.2833333333333333
41 0.58515625 0.440625 0.1640625 0.08125
42 0.58515625 0.4322916666666667 0.06406250000000001 0.29375
42 0.321875 0.4427083333333333 0.07500000000000001 0.2895833333333333
43 0.51796875 0.5208333333333334 0.08281250000000001 0.1375
43 0.434375 0.3645833333333333 0.05625 0.2375
43 0.47187500000000004 0.340625 0.043750000000000004 0.21875
40 0.3671875 0.39479166666666665 0.065625 0.25625
40 0.6898437500000001 0.375 0.0546875 0.25416666666666665
44 0.55625 0.33541666666666664 0.040625 0.19166666666666665
