1 0.460546875 0.2951388888888889 0.10078125 0.19305555555555556
23 0.6359375 0.5701388888888889 0.2265625 0.2263888888888889
37 0.5945312500000001 0.3611111111111111 0.05625 0.23055555555555557
47 0.679296875 0.30694444444444446 0.08359375000000001 0.37222222222222223
34 0.34023437500000003 0.6034722222222223 0.11953125 0.3736111111111111
21 0.534765625 0.7479166666666667 0.08359375000000001 0.2013888888888889
17 0.478515625 0.46458333333333335 0.06953125 0.2569444444444445
14 0.441015625 0.7597222222222223 0.07734375 0.16944444444444445
3 0.37226562500000004 0.4625 0.09296875 0.15833333333333333
2 0.453125 0.5201388888888889 0.0859375 0.14305555555555557
36 0.597265625 0.65 0.23046875 0.20833333333333334
