23 0.24010416666666667 0.6875 0.134375 0.3492647058823529
23 0.571875 0.19852941176470587 0.09166666666666666 0.34558823529411764
0 0.2578125 0.49172794117647056 0.13020833333333334 0.25919117647058826
0 0.3765625 0.2738970588235294 0.121875 0.22058823529411764
16 0.515625 0.7904411764705882 0.0875 0.2389705882352941
22 0.2875 0.35110294117647056 0.16041666666666665 0.14338235294117646
14 0.33177083333333335 0.8860294117647058 0.109375 0.17279411764705882
10 0.5786458333333333 0.6194852941176471 0.11354166666666667 0.20588235294117646
10 0.6067708333333334 0.4181985294117647 0.078125 0.19669117647058823
7 0.45677083333333335 0.5955882352941176 0.06979166666666667 0.10661764705882353
45 0.43333333333333335 0.4724264705882353 0.19791666666666666 0.21323529411764705
38 0.5010416666666666 0.24356617647058823 0.05 0.2150735294117647
