13 0.6109375 0.41354166666666664 0.05625 0.2520833333333333
13 0.534375 0.5760416666666667 0.225 0.06458333333333333
13 0.36562500000000003 0.503125 0.06875 0.27291666666666664
22 0.5242187500000001 0.6208333333333333 0.1640625 0.125
22 0.52265625 0.7072916666666667 0.09531250000000001 0.07291666666666667
28 0.38984375000000004 0.4302083333333333 0.0578125 0.16875
28 0.4421875 0.5239583333333333 0.1125 0.13541666666666666
30 0.48984375 0.3520833333333333 0.0421875 0.15
30 0.51875 0.434375 0.10312500000000001 0.08958333333333333
30 0.54453125 0.4666666666666667 0.09531250000000001 0.1125
