41 0.5875 0.4239583333333333 0.059375000000000004 0.3020833333333333
41 0.671875 0.36666666666666664 0.040625 0.26666666666666666
40 0.69453125 0.40625 0.0546875 0.2833333333333333
40 0.384375 0.3875 0.059375000000000004 0.24583333333333332
43 0.44609375 0.46041666666666664 0.0671875 0.30833333333333335
43 0.46796875000000004 0.3614583333333333 0.0546875 0.23958333333333334
43 0.5281250000000001 0.3052083333333333 0.05 0.16458333333333333
42 0.5281250000000001 0.45208333333333334 0.059375000000000004 0.30416666666666664
42 0.30859375 0.41875 0.0703125 0.2708333333333333
44 0.6109375 0.3489583333333333 0.040625 0.23541666666666666
