4 0.52734375 0.3375 0.0859375 0.12083333333333333
4 0.30234375 0.3208333333333333 0.08281250000000001 0.12083333333333333
47 0.4453125 0.346875 0.078125 0.3104166666666667
47 0.65 0.278125 0.08750000000000001 0.32708333333333334
47 0.5875 0.65 0.12187500000000001 0.36666666666666664
11 0.57421875 0.45729166666666665 0.1015625 0.20625
32 0.41328125000000004 0.6083333333333333 0.0921875 0.19583333333333333
32 0.38984375000000004 0.29791666666666666 0.0734375 0.16666666666666666
32 0.234375 0.5520833333333334 0.1125 0.19166666666666665
34 0.246875 0.3489583333333333 0.115625 0.3145833333333333
