28 0.5994791666666667 0.6305147058823529 0.08229166666666667 0.29411764705882354
16 0.19114583333333332 0.5330882352941176 0.10729166666666666 0.2610294117647059
14 0.2171875 0.3998161764705882 0.071875 0.13051470588235295
7 0.3520833333333333 0.5202205882352942 0.06875 0.125
2 0.20052083333333334 0.7876838235294118 0.109375 0.1488970588235294
2 0.196875 0.5119485294117647 0.19166666666666665 0.09375
2 0.459375 0.8189338235294118 0.025 0.3363970588235294
33 0.2984375 0.7380514705882353 0.103125 0.24816176470588236
32 0.29375 0.3740808823529412 0.07708333333333334 0.20404411764705882
43 0.4979166666666667 0.75 0.12291666666666666 0.4411764705882353
38 0.6020833333333333 0.4522058823529412 0.1375 0.13602941176470587
44 0.5364583333333334 0.3713235294117647 0.17916666666666667 0.20220588235294118
46 0.3619791666666667 0.32628676470588236 0.07395833333333333 0.2702205882352941
42 0.475 0.18566176470588236 0.06458333333333333 0.3602941176470588
