35 0.59765625 0.26458333333333334 0.0671875 0.2916666666666667
35 0.35703125 0.2635416666666667 0.08281250000000001 0.28541666666666665
45 0.61328125 0.54375 0.1296875 0.2708333333333333
45 0.7203125 0.32708333333333334 0.084375 0.3333333333333333
37 0.44843750000000004 0.28541666666666665 0.06875 0.25
37 0.25 0.4395833333333333 0.203125 0.15833333333333333
31 0.2171875 0.40625 0.109375 0.3333333333333333
31 0.52109375 0.46458333333333335 0.0890625 0.375
17 0.6937500000000001 0.4479166666666667 0.09375 0.24166666666666667
17 0.3046875 0.5375 0.09062500000000001 0.19583333333333333
