0 0.57265625 0.6427083333333333 0.2578125 0.28125
2 0.56875 0.5 0.203125 0.1375
2 0.73828125 0.6520833333333333 0.1296875 0.2833333333333333
2 0.6335937500000001 0.8739583333333333 0.2609375 0.24791666666666667
12 0.33046875000000003 0.740625 0.3609375 0.4145833333333333
14 0.39687500000000003 0.5354166666666667 0.1375 0.15833333333333333
4 0.41875 0.409375 0.10625000000000001 0.13958333333333334
45 0.5007812500000001 0.18020833333333333 0.07968750000000001 0.35625
1 0.6015625 0.32708333333333334 0.134375 0.225
3 0.7828125 0.45 0.15625 0.16666666666666666
