1 0.73984375 0.42291666666666666 0.1171875 0.28194444444444444
23 0.43867187500000004 0.5368055555555555 0.19453125000000002 0.28194444444444444
37 0.651953125 0.6368055555555556 0.16328125000000002 0.27361111111111114
47 0.540234375 0.6048611111111112 0.09609375 0.39305555555555555
34 0.49062500000000003 0.12986111111111112 0.0703125 0.25972222222222224
21 0.382421875 0.33125 0.10859375 0.16527777777777777
20 0.5554687500000001 0.2138888888888889 0.046875 0.1277777777777778
17 0.566796875 0.3354166666666667 0.06953125 0.23750000000000002
14 0.44257812500000004 0.2743055555555556 0.09453125000000001 0.14027777777777778
3 0.63984375 0.28055555555555556 0.096875 0.15833333333333333
2 0.62265625 0.4138888888888889 0.06875 0.22777777777777777
36 0.41914062500000004 0.44930555555555557 0.17109375000000002 0.2125
