9 0.19609375 0.39791666666666664 0.1859375 0.09583333333333333
9 0.47578125000000004 0.26666666666666666 0.15781250000000002 0.07916666666666666
16 0.71796875 0.4552083333333333 0.1046875 0.23958333333333334
12 0.5171875 0.546875 0.30625 0.16875
34 0.3171875 0.20520833333333333 0.13125 0.14375
33 0.4109375 0.15104166666666666 0.0625 0.15208333333333332
7 0.1859375 0.30104166666666665 0.06875 0.08541666666666667
27 0.5085937500000001 0.5854166666666667 0.09531250000000001 0.23333333333333334
29 0.30390625000000004 0.6583333333333333 0.11406250000000001 0.21666666666666667
26 0.58828125 0.31979166666666664 0.0765625 0.18125
