23 0.203125 0.23988970588235295 0.12291666666666666 0.38786764705882354
23 0.6088541666666667 0.5615808823529411 0.11562499999999999 0.45036764705882354
0 0.359375 0.29503676470588236 0.15208333333333332 0.2113970588235294
0 0.5671875 0.4053308823529412 0.13020833333333334 0.22977941176470587
16 0.15052083333333333 0.5983455882352942 0.121875 0.2775735294117647
22 0.47812499999999997 0.3069852941176471 0.06458333333333333 0.27205882352941174
14 0.165625 0.4430147058823529 0.0875 0.13970588235294118
10 0.3145833333333333 0.7628676470588235 0.15208333333333332 0.23529411764705882
10 0.4635416666666667 0.7527573529411764 0.09583333333333333 0.2555147058823529
7 0.328125 0.5542279411764706 0.07708333333333334 0.12316176470588235
45 0.4223958333333333 0.5091911764705882 0.16145833333333334 0.29044117647058826
