28 0.228125 0.6994485294117647 0.12916666666666665 0.34375
16 0.3651041666666667 0.2261029411764706 0.08229166666666667 0.25
7 0.42083333333333334 0.42003676470588236 0.075 0.12316176470588235
2 0.303125 0.3759191176470588 0.11458333333333333 0.13051470588235295
2 0.44427083333333334 0.27849264705882354 0.06354166666666666 0.18566176470588236
33 0.21510416666666665 0.37224264705882354 0.09479166666666666 0.24448529411764705
32 0.5046875 0.2858455882352941 0.06979166666666667 0.22242647058823528
43 0.22447916666666667 0.6737132352941176 0.29270833333333335 0.18198529411764705
38 0.5015625 0.7996323529411764 0.11145833333333333 0.34191176470588236
44 0.6109375 0.6691176470588235 0.24687499999999998 0.3602941176470588
46 0.6395833333333333 0.4301470588235294 0.27291666666666664 0.16544117647058823
42 0.66875 0.3943014705882353 0.10208333333333333 0.4613970588235294
