0 0.54609375 0.6604166666666667 0.1796875 0.23333333333333334
2 0.675 0.56875 0.23125 0.075
2 0.6531250000000001 0.7833333333333333 0.15000000000000002 0.25416666666666665
2 0.4453125 0.8041666666666667 0.27187500000000003 0.08333333333333333
12 0.37812500000000004 0.56875 0.09062500000000001 0.35
14 0.5234375 0.4770833333333333 0.115625 0.125
4 0.625 0.41041666666666665 0.096875 0.14583333333333334
45 0.796875 0.25 0.10625000000000001 0.2875
1 0.8054687500000001 0.440625 0.1546875 0.22708333333333333
3 0.85546875 0.6885416666666666 0.15781250000000002 0.19791666666666666
