15 0.5375 0.38229166666666664 0.184375 0.11875
20 0.51484375 0.46249999999999997 0.051562500000000004 0.11666666666666667
22 0.46328125000000003 0.6114583333333333 0.15156250000000002 0.17291666666666666
19 0.6015625 0.56875 0.21875 0.19583333333333333
28 0.36328125 0.4708333333333333 0.15156250000000002 0.1
10 0.31484375000000003 0.5760416666666667 0.09531250000000001 0.12291666666666666
38 0.465625 0.39791666666666664 0.12187500000000001 0.0875
39 0.3296875 0.32708333333333334 0.07187500000000001 0.25
40 0.71640625 0.48020833333333335 0.11093750000000001 0.18958333333333333
2 0.60546875 0.4510416666666667 0.1234375 0.07708333333333334
