20 0.46796875000000004 0.8104166666666667 0.05 0.14305555555555557
14 0.284375 0.7166666666666667 0.0671875 0.11944444444444445
1 0.531640625 0.5972222222222222 0.09140625000000001 0.21666666666666667
19 0.48828125 0.40208333333333335 0.1390625 0.14305555555555557
11 0.5847656250000001 0.4527777777777778 0.06640625 0.2111111111111111
38 0.274609375 0.5465277777777778 0.06953125 0.1875
42 0.49257812500000003 0.43194444444444446 0.05234375 0.2888888888888889
39 0.3953125 0.43125 0.0671875 0.2763888888888889
36 0.3015625 0.38819444444444445 0.07968750000000001 0.27083333333333337
34 0.37539062500000003 0.25416666666666665 0.055468750000000004 0.15833333333333333
37 0.40351562500000004 0.6569444444444444 0.07578125000000001 0.2555555555555556
