9 0.7585937500000001 0.6583333333333333 0.1765625 0.24583333333333332
9 0.34453125 0.4708333333333333 0.1234375 0.14583333333333334
22 0.57265625 0.6864583333333333 0.18906250000000002 0.27708333333333335
22 0.3984375 0.6302083333333334 0.20625000000000002 0.23958333333333334
13 0.25234375000000003 0.41041666666666665 0.11093750000000001 0.4666666666666667
4 0.38515625000000003 0.37083333333333335 0.0734375 0.1125
4 0.53828125 0.48541666666666666 0.11093750000000001 0.1375
4 0.675 0.3958333333333333 0.1125 0.15
24 0.46171875 0.36666666666666664 0.1046875 0.18333333333333332
24 0.57265625 0.33229166666666665 0.1015625 0.17291666666666666
