1 0.39960937500000004 0.29930555555555555 0.08984375 0.18194444444444446
23 0.5171875 0.5826388888888889 0.18906250000000002 0.2152777777777778
37 0.5144531250000001 0.36319444444444443 0.07421875 0.23472222222222222
47 0.5828125000000001 0.3111111111111111 0.078125 0.3138888888888889
34 0.23359375000000002 0.5902777777777778 0.11875000000000001 0.3138888888888889
21 0.40703125 0.7395833333333334 0.09843750000000001 0.20416666666666666
20 0.276171875 0.5652777777777778 0.055468750000000004 0.13055555555555556
17 0.39687500000000003 0.45555555555555555 0.07968750000000001 0.19444444444444445
14 0.32851562500000003 0.732638888888889 0.06484375 0.15694444444444444
3 0.3140625 0.45555555555555555 0.0859375 0.14166666666666666
2 0.3953125 0.47500000000000003 0.13125 0.16111111111111112
36 0.48945312500000004 0.6472222222222223 0.20859375000000002 0.21944444444444444
