23 0.3734375 0.1801470588235294 0.09479166666666666 0.3602941176470588
23 0.5375 0.6645220588235294 0.10625 0.5055147058823529
0 0.5067708333333333 0.296875 0.13645833333333332 0.24448529411764705
0 0.6708333333333333 0.5248161764705882 0.16041666666666665 0.21875
16 0.22083333333333333 0.42922794117647056 0.10833333333333334 0.26286764705882354
22 0.6083333333333333 0.3400735294117647 0.09166666666666666 0.23161764705882354
14 0.3125 0.32996323529411764 0.09166666666666666 0.11948529411764705
10 0.2921875 0.6608455882352942 0.13229166666666667 0.17463235294117646
10 0.37916666666666665 0.7417279411764706 0.09791666666666667 0.2261029411764706
7 0.38125 0.5009191176470588 0.06666666666666667 0.11948529411764705
45 0.4739583333333333 0.5257352941176471 0.0625 0.33455882352941174
38 0.60625 0.6286764705882353 0.03958333333333333 0.3088235294117647
