9 0.33906250000000004 0.69375 0.14375000000000002 0.0625
9 0.57265625 0.6135416666666667 0.13593750000000002 0.05625
16 0.7718750000000001 0.7947916666666667 0.084375 0.20625
12 0.6023437500000001 0.8416666666666667 0.26406250000000003 0.175
34 0.44453125000000004 0.5541666666666667 0.1046875 0.12083333333333333
33 0.5203125000000001 0.5145833333333333 0.05 0.10833333333333334
7 0.33437500000000003 0.6166666666666667 0.05625 0.075
27 0.5906250000000001 0.8697916666666666 0.08125 0.20625
29 0.42421875000000003 0.9010416666666666 0.07968750000000001 0.18125
26 0.6671875 0.675 0.0625 0.16666666666666666
