0 0.5906250000000001 0.5770833333333333 0.178125 0.19583333333333333
2 0.5734375 0.4875 0.146875 0.1
2 0.7015625000000001 0.58125 0.1 0.17916666666666667
2 0.640625 0.7385416666666667 0.17500000000000002 0.18125
12 0.41718750000000004 0.65 0.278125 0.24583333333333332
14 0.44843750000000004 0.5208333333333334 0.10312500000000001 0.12083333333333333
4 0.45 0.4302083333333333 0.08125 0.10625
45 0.503125 0.253125 0.0625 0.26458333333333334
1 0.5875 0.3614583333333333 0.10625000000000001 0.16875
3 0.72421875 0.4479166666666667 0.11093750000000001 0.11666666666666667
