39 0.413671875 0.3652777777777778 0.06328125 0.3472222222222222
19 0.5085937500000001 0.37569444444444444 0.1453125 0.14305555555555557
34 0.38007812500000004 0.2625 0.057031250000000006 0.3111111111111111
3 0.295703125 0.4152777777777778 0.09140625000000001 0.125
2 0.353125 0.49722222222222223 0.028125 0.1638888888888889
42 0.534375 0.3666666666666667 0.053125000000000006 0.35000000000000003
37 0.451171875 0.5993055555555555 0.07578125000000001 0.3263888888888889
1 0.58984375 0.5520833333333334 0.10312500000000001 0.23750000000000002
25 0.2703125 0.5416666666666667 0.15781250000000002 0.4277777777777778
20 0.5375 0.7798611111111111 0.05625 0.1763888888888889
