20 0.29270833333333335 0.6231617647058824 0.07291666666666667 0.1838235294117647
10 0.6265625 0.296875 0.103125 0.1488970588235294
10 0.7192708333333333 0.4586397058823529 0.08229166666666667 0.16727941176470587
21 0.3 0.3786764705882353 0.10208333333333333 0.1948529411764706
0 0.4692708333333333 0.2426470588235294 0.12604166666666666 0.2867647058823529
1 0.5994791666666667 0.3998161764705882 0.11979166666666667 0.26286764705882354
16 0.6833333333333333 0.6479779411764706 0.0875 0.2922794117647059
7 0.5572916666666666 0.5946691176470588 0.08125 0.12316176470588235
32 0.42864583333333334 0.453125 0.084375 0.23713235294117646
29 0.3697916666666667 0.21783088235294118 0.06875 0.18933823529411764
14 0.5078125 0.8492647058823529 0.11770833333333333 0.21691176470588236
