41 0.46484375 0.3677083333333333 0.0578125 0.18541666666666667
43 0.38046875 0.3729166666666667 0.0546875 0.22083333333333333
37 0.3671875 0.48020833333333335 0.08125 0.23958333333333334
37 0.6421875 0.41354166666666664 0.05625 0.21458333333333332
26 0.58984375 0.50625 0.0578125 0.1625
3 0.46875 0.475 0.10312500000000001 0.09166666666666666
3 0.46953125 0.5364583333333334 0.09843750000000001 0.06458333333333333
21 0.5554687500000001 0.253125 0.1015625 0.10625
21 0.56484375 0.3458333333333333 0.0890625 0.09166666666666666
21 0.565625 0.4270833333333333 0.078125 0.08333333333333333
