1 0.55 0.6791666666666667 0.1171875 0.3111111111111111
23 0.35234375 0.44097222222222227 0.20468750000000002 0.1902777777777778
37 0.37539062500000003 0.6840277777777778 0.09765625 0.32916666666666666
47 0.25 0.5590277777777778 0.259375 0.1625
21 0.43125 0.30069444444444443 0.07500000000000001 0.14305555555555557
20 0.596875 0.39305555555555555 0.0421875 0.14166666666666666
17 0.49531250000000004 0.45 0.060937500000000006 0.2638888888888889
14 0.5066406250000001 0.2902777777777778 0.08046875 0.11944444444444445
3 0.6375000000000001 0.5458333333333334 0.1078125 0.21666666666666667
36 0.56953125 0.3194444444444445 0.1046875 0.19444444444444445
34 0.38203125000000004 0.3729166666666667 0.16875 0.1486111111111111
