0 0.21015625000000002 0.3625 0.1171875 0.11666666666666667
0 0.12812500000000002 0.6739583333333333 0.15625 0.21875
14 0.37031250000000004 0.46979166666666666 0.05 0.07708333333333334
2 0.1703125 0.5197916666666667 0.046875 0.09375
2 0.24375000000000002 0.5614583333333333 0.08750000000000001 0.11458333333333333
12 0.084375 0.41875 0.0625 0.18333333333333332
29 0.40546875000000004 0.5166666666666666 0.060937500000000006 0.1125
26 0.3296875 0.58125 0.07500000000000001 0.15833333333333333
20 0.29921875000000003 0.421875 0.0390625 0.09375
35 0.48359375000000004 0.6520833333333333 0.1078125 0.2625
44 0.34765625 0.33125 0.0578125 0.225
