21 0.6296875000000001 0.42708333333333337 0.109375 0.1763888888888889
20 0.46992187500000004 0.7270833333333334 0.05859375 0.1736111111111111
3 0.34882812500000004 0.27847222222222223 0.09765625 0.1486111111111111
2 0.37812500000000004 0.36597222222222225 0.065625 0.2125
39 0.45820312500000004 0.4041666666666667 0.06953125 0.2611111111111111
42 0.5183593750000001 0.29583333333333334 0.05859375 0.4166666666666667
25 0.2625 0.39166666666666666 0.1234375 0.43333333333333335
16 0.41953125 0.6027777777777777 0.1546875 0.13055555555555556
19 0.5703125 0.27222222222222225 0.1421875 0.19166666666666668
4 0.5710937500000001 0.6034722222222223 0.09062500000000001 0.1763888888888889
