3 0.325 0.353125 0.07500000000000001 0.07708333333333334
3 0.34453125 0.353125 0.1203125 0.15625
3 0.30000000000000004 0.44375 0.140625 0.14583333333333334
35 0.46718750000000003 0.490625 0.1125 0.39791666666666664
28 0.31328125 0.5385416666666667 0.2078125 0.18541666666666667
28 0.6937500000000001 0.4125 0.109375 0.2625
28 0.44140625 0.35 0.0734375 0.2375
43 0.47968750000000004 0.18541666666666667 0.07500000000000001 0.3625
43 0.65625 0.21562499999999998 0.1 0.34791666666666665
48 0.5867187500000001 0.44166666666666665 0.1421875 0.16666666666666666
