4 0.390625 0.2833333333333333 0.08750000000000001 0.12916666666666665
4 0.59140625 0.390625 0.0890625 0.11875
47 0.44843750000000004 0.365625 0.078125 0.33125
47 0.6820312500000001 0.38645833333333335 0.1171875 0.34791666666666665
47 0.41171875 0.6875 0.1203125 0.3541666666666667
11 0.5484375 0.5260416666666666 0.1 0.22291666666666665
32 0.49140625000000004 0.28854166666666664 0.051562500000000004 0.15625
32 0.22421875000000002 0.4458333333333333 0.09531250000000001 0.17916666666666667
32 0.32890625 0.5770833333333333 0.09531250000000001 0.2
34 0.30625 0.27708333333333335 0.10625000000000001 0.3
