21 0.31757812500000004 0.6569444444444444 0.11328125 0.2138888888888889
39 0.4390625 0.4326388888888889 0.2 0.1513888888888889
42 0.38398437500000004 0.3944444444444445 0.08828125 0.37222222222222223
3 0.61328125 0.37222222222222223 0.09375 0.15833333333333333
25 0.46601562500000004 0.19236111111111112 0.21015625000000002 0.25972222222222224
2 0.5375 0.41111111111111115 0.14375000000000002 0.125
19 0.523828125 0.6881944444444444 0.23046875 0.2625
16 0.30117187500000003 0.35833333333333334 0.08984375 0.19166666666666668
20 0.22890625 0.3493055555555556 0.05625 0.13194444444444445
4 0.22187500000000002 0.4756944444444445 0.078125 0.1375
