2 0.64765625 0.571875 0.0765625 0.10625
2 0.64453125 0.5447916666666667 0.17343750000000002 0.06041666666666667
2 0.3203125 0.5541666666666667 0.12812500000000002 0.0625
2 0.40625 0.42916666666666664 0.046875 0.0625
38 0.40703125 0.5197916666666667 0.0703125 0.18541666666666667
16 0.5125000000000001 0.4822916666666667 0.0625 0.16458333333333333
16 0.3765625 0.434375 0.05625 0.14791666666666667
10 0.62890625 0.4791666666666667 0.0671875 0.08333333333333333
12 0.54609375 0.3885416666666667 0.06406250000000001 0.06458333333333333
12 0.59140625 0.4375 0.09843750000000001 0.058333333333333334
