20 0.39960937500000004 0.18055555555555555 0.05078125 0.1388888888888889
36 0.6316406250000001 0.4861111111111111 0.11796875000000001 0.4277777777777778
34 0.5027343750000001 0.6326388888888889 0.10078125 0.42638888888888893
39 0.4703125 0.35555555555555557 0.07500000000000001 0.4166666666666667
11 0.18984375 0.4395833333333333 0.1296875 0.29305555555555557
37 0.45390625 0.1388888888888889 0.0625 0.2388888888888889
42 0.32539062500000004 0.3194444444444445 0.09296875 0.425
14 0.5906250000000001 0.3027777777777778 0.0546875 0.13611111111111113
19 0.309375 0.7513888888888889 0.2734375 0.425
1 0.2984375 0.3125 0.109375 0.25
