28 0.5859375 0.15992647058823528 0.071875 0.2389705882352941
16 0.4979166666666667 0.7279411764705882 0.09791666666666667 0.3125
14 0.2786458333333333 0.8511029411764706 0.13020833333333334 0.19117647058823528
7 0.43906249999999997 0.5376838235294118 0.08020833333333333 0.12316176470588235
2 0.3880208333333333 0.8354779411764706 0.06354166666666666 0.32536764705882354
2 0.621875 0.734375 0.15208333333333332 0.23345588235294118
2 0.6322916666666667 0.4227941176470588 0.19166666666666665 0.04044117647058824
33 0.6630208333333333 0.5257352941176471 0.09895833333333333 0.2536764705882353
32 0.3182291666666667 0.5965073529411765 0.09895833333333333 0.25919117647058826
43 0.6104166666666666 0.33088235294117646 0.24375 0.1764705882352941
38 0.3927083333333333 0.22242647058823528 0.1 0.20955882352941177
44 0.31145833333333334 0.28400735294117646 0.14166666666666666 0.2775735294117647
46 0.196875 0.5395220588235294 0.31666666666666665 0.18566176470588236
42 0.21354166666666666 0.21599264705882354 0.1125 0.42830882352941174
