23 0.45989583333333334 0.16176470588235295 0.065625 0.3235294117647059
23 0.35052083333333334 0.7665441176470588 0.10104166666666667 0.34558823529411764
0 0.2739583333333333 0.6397058823529411 0.09166666666666666 0.3088235294117647
0 0.2875 0.35110294117647056 0.13333333333333333 0.19852941176470587
16 0.5885416666666666 0.6681985294117647 0.09166666666666666 0.22242647058823528
22 0.23802083333333332 0.47518382352941174 0.14479166666666665 0.21875
14 0.4552083333333333 0.8897058823529411 0.11041666666666666 0.15441176470588236
10 0.5401041666666666 0.32169117647058826 0.071875 0.1801470588235294
10 0.5666666666666667 0.4935661764705882 0.11041666666666666 0.14154411764705882
7 0.4661458333333333 0.5643382352941176 0.06770833333333333 0.11397058823529412
45 0.4015625 0.48161764705882354 0.140625 0.28308823529411764
38 0.4010416666666667 0.2389705882352941 0.052083333333333336 0.20955882352941177
