31 0.5867187500000001 0.3541666666666667 0.0578125 0.2125
31 0.5164062500000001 0.5864583333333333 0.1546875 0.17708333333333334
10 0.28125 0.3364583333333333 0.078125 0.09791666666666667
10 0.2859375 0.4239583333333333 0.05625 0.06875
10 0.29140625000000003 0.465625 0.0765625 0.09375
45 0.36171875000000003 0.36875 0.0671875 0.20833333333333334
22 0.43046875 0.37083333333333335 0.11406250000000001 0.0875
44 0.5296875 0.47604166666666664 0.09375 0.18541666666666667
44 0.3375 0.5395833333333333 0.16875 0.1875
48 0.60078125 0.5010416666666666 0.0734375 0.26458333333333334
48 0.44140625 0.37083333333333335 0.0671875 0.23333333333333334
