2 0.43125 0.3333333333333333 0.12187500000000001 0.04583333333333333
2 0.26953125 0.53125 0.0328125 0.0875
2 0.290625 0.5604166666666667 0.153125 0.05
10 0.3609375 0.5770833333333333 0.07187500000000001 0.1
12 0.5234375 0.5385416666666667 0.125 0.15208333333333332
12 0.46015625000000004 0.6145833333333334 0.1328125 0.10833333333333334
16 0.6023437500000001 0.4458333333333333 0.060937500000000006 0.15416666666666667
16 0.40078125000000003 0.44479166666666664 0.060937500000000006 0.14375
2 0.540625 0.45729166666666665 0.05625 0.05625
38 0.43671875000000004 0.40625 0.045312500000000006 0.12916666666666665
