28 0.6776041666666667 0.13419117647058823 0.08020833333333333 0.26838235294117646
16 0.40729166666666666 0.6452205882352942 0.14166666666666666 0.4227941176470588
14 0.18385416666666665 0.7169117647058824 0.13229166666666667 0.23529411764705882
7 0.43854166666666666 0.47518382352941174 0.08333333333333333 0.11948529411764705
2 0.284375 0.7950367647058824 0.08333333333333333 0.40625
2 0.590625 0.7316176470588235 0.17708333333333334 0.35661764705882354
2 0.709375 0.42922794117647056 0.2520833333333333 0.0900735294117647
33 0.6859375 0.5082720588235294 0.121875 0.3474264705882353
32 0.2661458333333333 0.46875 0.12395833333333334 0.3088235294117647
43 0.6921875 0.3226102941176471 0.28854166666666664 0.22977941176470587
38 0.47239583333333335 0.19669117647058823 0.13229166666666667 0.1875
44 0.3489583333333333 0.25 0.09583333333333333 0.25735294117647056
46 0.17083333333333334 0.4466911764705882 0.3416666666666667 0.21323529411764705
42 0.2557291666666667 0.17095588235294118 0.11770833333333333 0.3382352941176471
