9 0.43125 0.6447916666666667 0.153125 0.21041666666666667
9 0.54296875 0.3802083333333333 0.18281250000000002 0.07291666666666667
7 0.81796875 0.36666666666666664 0.0765625 0.09166666666666666
34 0.775 0.19791666666666666 0.078125 0.30833333333333335
27 0.9007812500000001 0.3885416666666667 0.1015625 0.18541666666666667
16 0.24296875 0.5395833333333333 0.1265625 0.25416666666666665
26 0.58515625 0.4270833333333333 0.0859375 0.20416666666666666
12 0.3015625 0.4083333333333333 0.259375 0.14583333333333334
33 0.66953125 0.5583333333333333 0.1015625 0.24166666666666667
29 0.90234375 0.5510416666666667 0.1171875 0.21875
