23 0.18958333333333333 0.32169117647058826 0.13541666666666666 0.3897058823529412
23 0.6427083333333333 0.5229779411764706 0.10416666666666667 0.48713235294117646
0 0.1796875 0.7325367647058824 0.171875 0.2959558823529412
0 0.46458333333333335 0.7417279411764706 0.19583333333333333 0.2702205882352941
16 0.58125 0.34375 0.07083333333333333 0.25735294117647056
22 0.3098958333333333 0.7729779411764706 0.09479166666666666 0.38786764705882354
14 0.6973958333333333 0.5514705882352942 0.028125 0.09926470588235294
10 0.32395833333333335 0.34191176470588236 0.08958333333333333 0.20588235294117646
10 0.4432291666666667 0.39246323529411764 0.109375 0.1488970588235294
7 0.46249999999999997 0.4963235294117647 0.07083333333333333 0.11029411764705882
45 0.37864583333333335 0.5395220588235294 0.17604166666666665 0.19301470588235295
38 0.19635416666666666 0.46691176470588236 0.10104166666666667 0.2647058823529412
