9 0.44765625000000003 0.39791666666666664 0.11093750000000001 0.12083333333333333
9 0.41015625 0.6708333333333333 0.1390625 0.20416666666666666
7 0.6078125000000001 0.6541666666666667 0.08750000000000001 0.1
34 0.721875 0.26458333333333334 0.078125 0.29583333333333334
27 0.85078125 0.44375 0.09531250000000001 0.17916666666666667
16 0.28359375000000003 0.42604166666666665 0.13593750000000002 0.11458333333333333
26 0.5375 0.3677083333333333 0.07187500000000001 0.16875
12 0.21171875 0.634375 0.2890625 0.28541666666666665
33 0.2921875 0.328125 0.078125 0.14791666666666667
29 0.8390625 0.6072916666666667 0.10625000000000001 0.19791666666666666
