39 0.5203125000000001 0.20208333333333334 0.0625 0.2583333333333333
31 0.665625 0.3364583333333333 0.078125 0.23958333333333334
19 0.44765625000000003 0.3125 0.15781250000000002 0.1875
19 0.6468750000000001 0.34375 0.17500000000000002 0.12083333333333333
18 0.625 0.5895833333333333 0.20625000000000002 0.2791666666666667
4 0.578125 0.25416666666666665 0.0625 0.07916666666666666
10 0.353125 0.31666666666666665 0.059375000000000004 0.10833333333333334
10 0.3453125 0.553125 0.11875000000000001 0.13125
47 0.48125 0.596875 0.08125 0.28125
27 0.3296875 0.43854166666666666 0.12187500000000001 0.09791666666666667
28 0.74921875 0.4270833333333333 0.0859375 0.18333333333333332
