23 0.29583333333333334 0.23529411764705882 0.09791666666666667 0.3786764705882353
23 0.7052083333333333 0.5992647058823529 0.14166666666666666 0.40441176470588236
0 0.4380208333333333 0.296875 0.13854166666666667 0.2077205882352941
0 0.6458333333333334 0.4273897058823529 0.14375 0.22977941176470587
16 0.259375 0.5983455882352942 0.1 0.26286764705882354
22 0.5526041666666667 0.3125 0.065625 0.2647058823529412
14 0.25 0.42830882352941174 0.09166666666666666 0.1323529411764706
10 0.4125 0.7601102941176471 0.13333333333333333 0.2113970588235294
10 0.5614583333333333 0.765625 0.10416666666666667 0.22977941176470587
7 0.4171875 0.5579044117647058 0.071875 0.11948529411764705
45 0.5088541666666666 0.5165441176470588 0.165625 0.29044117647058826
