20 0.56875 0.2647058823529412 0.04791666666666666 0.15073529411764705
14 0.4119791666666667 0.22977941176470587 0.06770833333333333 0.11764705882352941
10 0.2171875 0.4209558823529412 0.090625 0.20220588235294118
10 0.26979166666666665 0.6341911764705882 0.1375 0.14705882352941177
0 0.45260416666666664 0.5772058823529411 0.16354166666666667 0.3639705882352941
1 0.31927083333333334 0.42830882352941174 0.11770833333333333 0.2610294117647059
7 0.3796875 0.34099264705882354 0.06145833333333333 0.0974264705882353
32 0.48072916666666665 0.3391544117647059 0.071875 0.2113970588235294
29 0.5942708333333333 0.6204044117647058 0.08229166666666667 0.24816176470588236
16 0.28541666666666665 0.22518382352941177 0.07916666666666666 0.19669117647058823
21 0.628125 0.4172794117647059 0.08541666666666667 0.20588235294117646
