28 0.5140625 0.1332720588235294 0.06770833333333333 0.21875
16 0.5390625 0.6056985294117647 0.109375 0.3290441176470588
14 0.34375 0.8336397058823529 0.13125 0.2077205882352941
7 0.4473958333333333 0.5137867647058824 0.07604166666666666 0.12316176470588235
2 0.4661458333333333 0.8134191176470588 0.134375 0.2959558823529412
2 0.6640625 0.5909926470588235 0.15729166666666666 0.10477941176470588
2 0.5645833333333333 0.36213235294117646 0.09375 0.07352941176470588
33 0.6526041666666667 0.38143382352941174 0.08229166666666667 0.2555147058823529
32 0.3442708333333333 0.5946691176470588 0.11354166666666667 0.2702205882352941
43 0.5380208333333333 0.29044117647058826 0.18020833333333333 0.1323529411764706
38 0.34010416666666665 0.29044117647058826 0.07395833333333333 0.17279411764705882
44 0.2890625 0.38878676470588236 0.146875 0.16727941176470587
46 0.1703125 0.6038602941176471 0.2864583333333333 0.3584558823529412
42 0.17395833333333333 0.32628676470588236 0.14166666666666666 0.4025735294117647
