23 0.23124999999999998 0.29044117647058826 0.13333333333333333 0.33088235294117646
23 0.6239583333333333 0.6038602941176471 0.09375 0.3363970588235294
0 0.378125 0.3014705882352941 0.14166666666666666 0.19117647058823528
0 0.5848958333333333 0.3832720588235294 0.13854166666666667 0.22977941176470587
16 0.2171875 0.671875 0.11770833333333333 0.2261029411764706
22 0.4901041666666667 0.2858455882352941 0.071875 0.2665441176470588
14 0.20885416666666667 0.4806985294117647 0.08020833333333333 0.13786764705882354
10 0.37135416666666665 0.7886029411764706 0.128125 0.22058823529411764
10 0.5015625 0.7794117647058824 0.08229166666666667 0.20220588235294118
7 0.3692708333333333 0.5845588235294118 0.06979166666666667 0.125
45 0.45260416666666664 0.5238970588235294 0.159375 0.27941176470588236
