10 0.49375 0.20833333333333334 0.065625 0.0625
27 0.58828125 0.30104166666666665 0.051562500000000004 0.13958333333333334
33 0.55234375 0.4666666666666667 0.0578125 0.14166666666666666
16 0.59296875 0.43854166666666666 0.0546875 0.13541666666666666
16 0.503125 0.4479166666666667 0.046875 0.12916666666666665
14 0.478125 0.5604166666666667 0.1125 0.17916666666666667
38 0.50390625 0.3072916666666667 0.0484375 0.13958333333333334
38 0.40937500000000004 0.41354166666666664 0.043750000000000004 0.14375
30 0.32890625 0.49583333333333335 0.0546875 0.19583333333333333
30 0.38515625000000003 0.5145833333333333 0.08281250000000001 0.07916666666666666
