20 0.19882812500000002 0.44236111111111115 0.05390625 0.10694444444444445
36 0.533203125 0.32916666666666666 0.06015625 0.19444444444444445
38 0.46406250000000004 0.375 0.0578125 0.20555555555555557
34 0.5328125 0.55 0.07968750000000001 0.36388888888888893
39 0.3953125 0.45208333333333334 0.08125 0.3513888888888889
11 0.201171875 0.7875 0.11953125 0.27222222222222225
37 0.27734375 0.3805555555555556 0.0859375 0.25833333333333336
42 0.28046875 0.5520833333333334 0.1046875 0.37083333333333335
19 0.423828125 0.8277777777777778 0.22421875000000002 0.23333333333333334
1 0.199609375 0.5958333333333333 0.12734375 0.23055555555555557
