0 0.2859375 0.28541666666666665 0.12187500000000001 0.11666666666666667
0 0.23671875 0.578125 0.1453125 0.21458333333333332
14 0.46171875 0.359375 0.045312500000000006 0.08125
2 0.265625 0.440625 0.034375 0.09791666666666667
2 0.34218750000000003 0.4708333333333333 0.07187500000000001 0.12083333333333333
12 0.16718750000000002 0.346875 0.08750000000000001 0.18541666666666667
29 0.5015625 0.40625 0.065625 0.125
26 0.43359375 0.46770833333333334 0.0703125 0.16458333333333333
20 0.37890625 0.32708333333333334 0.051562500000000004 0.10416666666666667
35 0.6039062500000001 0.5135416666666667 0.09843750000000001 0.30625
44 0.42421875000000003 0.22083333333333333 0.051562500000000004 0.24166666666666667
