28 0.1484375 0.47610294117647056 0.11562499999999999 0.3161764705882353
16 0.4796875 0.171875 0.071875 0.24816176470588236
14 0.628125 0.2922794117647059 0.06458333333333333 0.14705882352941177
7 0.4473958333333333 0.3851102941176471 0.071875 0.11213235294117647
2 0.38385416666666666 0.2601102941176471 0.051041666666666666 0.2077205882352941
2 0.28229166666666666 0.44485294117647056 0.058333333333333334 0.0661764705882353
33 0.29791666666666666 0.20496323529411764 0.07916666666666666 0.2261029411764706
32 0.5666666666666667 0.32628676470588236 0.08125 0.22977941176470587
43 0.22239583333333332 0.44485294117647056 0.18229166666666666 0.3161764705882353
38 0.3421875 0.7922794117647058 0.19270833333333334 0.2977941176470588
44 0.4828125 0.7545955882352942 0.10104166666666667 0.48713235294117646
46 0.6328125 0.5523897058823529 0.3072916666666667 0.25183823529411764
42 0.6005208333333333 0.5597426470588235 0.11562499999999999 0.4540441176470588
