9 0.696875 0.5447916666666667 0.25625000000000003 0.15625
9 0.2109375 0.47291666666666665 0.15000000000000002 0.17083333333333334
22 0.49296875 0.4041666666666667 0.1609375 0.12916666666666665
22 0.35390625000000003 0.41562499999999997 0.1328125 0.15208333333333332
13 0.6117187500000001 0.26979166666666665 0.0671875 0.40625
4 0.64609375 0.6458333333333334 0.1203125 0.17083333333333334
4 0.40156250000000004 0.5041666666666667 0.115625 0.12916666666666665
4 0.23828125 0.6541666666666667 0.1640625 0.20416666666666666
24 0.37734375000000003 0.684375 0.1484375 0.28541666666666665
24 0.52265625 0.596875 0.1390625 0.25625
