1 0.28984375 0.3965277777777778 0.10312500000000001 0.18194444444444446
23 0.515625 0.4395833333333333 0.1765625 0.18194444444444446
37 0.412890625 0.3423611111111111 0.08671875000000001 0.19305555555555556
47 0.5171875 0.3104166666666667 0.1453125 0.2125
34 0.539453125 0.5298611111111111 0.17265625 0.14027777777777778
21 0.51484375 0.6173611111111111 0.0890625 0.1875
20 0.32929687500000004 0.6861111111111111 0.057031250000000006 0.11111111111111112
17 0.384765625 0.48958333333333337 0.08046875 0.19861111111111113
14 0.47421875 0.7375 0.08125 0.11111111111111112
3 0.2703125 0.5430555555555556 0.09375 0.14444444444444446
2 0.26953125 0.6881944444444444 0.0546875 0.17916666666666667
36 0.38828125 0.7701388888888889 0.0703125 0.3680555555555556
