40 0.6703125000000001 0.41875 0.0625 0.2791666666666667
40 0.41484375 0.3697916666666667 0.051562500000000004 0.23541666666666666
43 0.38125000000000003 0.44895833333333335 0.065625 0.3020833333333333
43 0.5859375 0.346875 0.046875 0.2520833333333333
43 0.5078125 0.35520833333333335 0.046875 0.22708333333333333
41 0.5421875 0.43645833333333334 0.0625 0.3020833333333333
41 0.7000000000000001 0.37916666666666665 0.040625 0.25416666666666665
44 0.63671875 0.3645833333333333 0.0390625 0.25
42 0.32343750000000004 0.39479166666666665 0.0625 0.25625
42 0.4625 0.45208333333333334 0.065625 0.30833333333333335
