23 0.28072916666666664 0.16544117647058823 0.109375 0.33088235294117646
23 0.5807291666666666 0.6663602941176471 0.10520833333333333 0.3290441176470588
0 0.4244791666666667 0.24356617647058823 0.140625 0.22977941176470587
0 0.6072916666666667 0.41911764705882354 0.14375 0.19852941176470587
16 0.19635416666666666 0.515625 0.109375 0.22977941176470587
22 0.53125 0.28400735294117646 0.05625 0.2775735294117647
14 0.2359375 0.3327205882352941 0.090625 0.1323529411764706
10 0.31979166666666664 0.7040441176470588 0.12708333333333333 0.1875
10 0.43333333333333335 0.7711397058823529 0.08541666666666667 0.18198529411764705
7 0.35833333333333334 0.5101102941176471 0.06458333333333333 0.11213235294117647
45 0.4484375 0.5 0.11354166666666667 0.3382352941176471
