1 0.6292968750000001 0.4430555555555556 0.10078125 0.22222222222222224
23 0.38671875 0.5750000000000001 0.1875 0.2611111111111111
37 0.5703125 0.6263888888888889 0.18125000000000002 0.2111111111111111
47 0.42617187500000003 0.7409722222222223 0.12265625000000001 0.39305555555555555
21 0.314453125 0.43194444444444446 0.08828125 0.1527777777777778
20 0.45429687500000004 0.3201388888888889 0.04453125 0.10972222222222222
17 0.47773437500000004 0.3993055555555556 0.055468750000000004 0.23194444444444445
14 0.33984375 0.36458333333333337 0.060937500000000006 0.10972222222222222
3 0.5691406250000001 0.3354166666666667 0.08828125 0.16527777777777777
2 0.5281250000000001 0.3527777777777778 0.0625 0.06944444444444445
36 0.384375 0.3263888888888889 0.09531250000000001 0.18333333333333335
34 0.339453125 0.5236111111111111 0.18203125 0.23333333333333334
