3 0.35078125000000004 0.5385416666666667 0.0890625 0.10625
3 0.28125 0.5666666666666667 0.15000000000000002 0.20416666666666666
3 0.43046875 0.6104166666666666 0.15781250000000002 0.22083333333333333
35 0.628125 0.33125 0.109375 0.37916666666666665
28 0.41718750000000004 0.3885416666666667 0.08750000000000001 0.24375
28 0.55234375 0.584375 0.15781250000000002 0.2520833333333333
28 0.5 0.228125 0.06875 0.23124999999999998
43 0.2484375 0.290625 0.11875000000000001 0.38125
43 0.34765625 0.17916666666666667 0.0890625 0.3541666666666667
48 0.46328125000000003 0.3520833333333333 0.1296875 0.23333333333333334
