47 0.496875 0.4270833333333333 0.09062500000000001 0.4083333333333333
46 0.27890625 0.4041666666666667 0.11406250000000001 0.43333333333333335
39 0.73984375 0.325 0.0765625 0.3458333333333333
40 0.665625 0.3927083333333333 0.096875 0.38125
43 0.59140625 0.3072916666666667 0.0703125 0.34375
41 0.52734375 0.2583333333333333 0.06406250000000001 0.31666666666666665
41 0.6937500000000001 0.16770833333333332 0.065625 0.16041666666666665
42 0.41640625000000003 0.3177083333333333 0.07968750000000001 0.34375
45 0.34375 0.2708333333333333 0.078125 0.2833333333333333
48 0.48515625 0.16875 0.045312500000000006 0.17916666666666667
