3 0.29296875 0.434375 0.07968750000000001 0.08958333333333333
3 0.27734375 0.421875 0.1390625 0.15625
3 0.3140625 0.5447916666666667 0.153125 0.19375
35 0.584375 0.4458333333333333 0.115625 0.3958333333333333
28 0.42031250000000003 0.3645833333333333 0.078125 0.25
28 0.39687500000000003 0.6010416666666667 0.15625 0.2520833333333333
28 0.6515625 0.3020833333333333 0.07500000000000001 0.24166666666666667
43 0.3640625 0.20208333333333334 0.08750000000000001 0.375
43 0.534375 0.171875 0.078125 0.34375
48 0.5171875 0.40208333333333335 0.10312500000000001 0.21666666666666667
