9 0.4765625 0.5229166666666667 0.146875 0.06666666666666667
9 0.7132812500000001 0.434375 0.1390625 0.06041666666666667
16 0.92578125 0.6166666666666667 0.09843750000000001 0.22083333333333333
12 0.74375 0.66875 0.278125 0.17083333333333334
34 0.5796875 0.378125 0.10625000000000001 0.12708333333333333
33 0.659375 0.3333333333333333 0.05 0.12916666666666665
7 0.4703125 0.4458333333333333 0.05625 0.075
27 0.721875 0.69375 0.084375 0.20416666666666666
29 0.5515625000000001 0.7229166666666667 0.078125 0.17083333333333334
26 0.8125 0.48541666666666666 0.07187500000000001 0.16666666666666666
