26 0.7109375 0.35520833333333335 0.08125 0.19375
12 0.34453125 0.6385416666666667 0.3453125 0.14791666666666667
29 0.59375 0.3052083333333333 0.06875 0.14791666666666667
44 0.34609375000000003 0.24687499999999998 0.0890625 0.31875
35 0.86328125 0.19895833333333332 0.1015625 0.32708333333333334
20 0.415625 0.384375 0.0625 0.12708333333333333
0 0.26796875000000003 0.4864583333333333 0.16718750000000002 0.18125
0 0.8375 0.575 0.234375 0.24583333333333332
14 0.5007812500000001 0.3333333333333333 0.0671875 0.10416666666666667
2 0.58828125 0.5625 0.2265625 0.1
2 0.61875 0.4927083333333333 0.18125000000000002 0.11875
