9 0.43593750000000003 0.40729166666666666 0.12187500000000001 0.14791666666666667
9 0.509375 0.8072916666666666 0.30000000000000004 0.24375
22 0.32343750000000004 0.546875 0.23750000000000002 0.13958333333333334
22 0.37031250000000004 0.6927083333333334 0.25625000000000003 0.22708333333333333
13 0.28828125 0.29583333333333334 0.0921875 0.37916666666666665
4 0.5281250000000001 0.5302083333333333 0.115625 0.15208333333333332
4 0.74609375 0.540625 0.1390625 0.18125
4 0.534375 0.371875 0.040625 0.09375
24 0.58515625 0.3885416666666667 0.1078125 0.19375
24 0.71875 0.39479166666666665 0.12187500000000001 0.16041666666666665
