28 0.396875 0.1875 0.07083333333333333 0.25735294117647056
16 0.7333333333333333 0.3998161764705882 0.10416666666666667 0.3180147058823529
14 0.7083333333333334 0.6856617647058824 0.13125 0.22426470588235295
2 0.5239583333333333 0.31433823529411764 0.07708333333333334 0.15073529411764705
2 0.6567708333333333 0.4154411764705882 0.065625 0.0625
2 0.7442708333333333 0.6112132352941176 0.24479166666666666 0.05698529411764706
33 0.6447916666666667 0.25275735294117646 0.075 0.24080882352941177
32 0.578125 0.5330882352941176 0.1 0.3051470588235294
43 0.47760416666666666 0.2913602941176471 0.184375 0.2113970588235294
44 0.24895833333333334 0.5431985294117647 0.30416666666666664 0.19669117647058823
46 0.4901041666666667 0.7362132352941176 0.09270833333333334 0.5238970588235294
42 0.2604166666666667 0.46047794117647056 0.13958333333333334 0.5680147058823529
