20 0.5901041666666667 0.25275735294117646 0.057291666666666664 0.15992647058823528
10 0.23020833333333332 0.5569852941176471 0.10625 0.25735294117647056
10 0.3494791666666667 0.8014705882352942 0.146875 0.22058823529411764
21 0.6947916666666667 0.43933823529411764 0.1125 0.22058823529411764
0 0.5604166666666667 0.6838235294117647 0.21041666666666667 0.40441176470588236
1 0.3614583333333333 0.5367647058823529 0.14583333333333334 0.3051470588235294
16 0.2671875 0.30330882352941174 0.103125 0.25
7 0.3927083333333333 0.3961397058823529 0.07708333333333334 0.11948529411764705
32 0.5234375 0.3694852941176471 0.078125 0.22794117647058823
29 0.7270833333333333 0.6847426470588235 0.1 0.25919117647058826
14 0.40208333333333335 0.2389705882352941 0.0875 0.13602941176470587
