30 0.33125000000000004 0.4927083333333333 0.05625 0.17291666666666666
30 0.38671875 0.5125 0.0859375 0.058333333333333334
14 0.48281250000000003 0.5666666666666667 0.115625 0.1625
26 0.59296875 0.5302083333333333 0.06406250000000001 0.15208333333333332
33 0.54453125 0.46249999999999997 0.0546875 0.13333333333333333
27 0.58984375 0.3020833333333333 0.0546875 0.12916666666666665
17 0.5906250000000001 0.4125 0.05 0.08333333333333333
17 0.5007812500000001 0.45 0.0484375 0.13333333333333333
10 0.49296875 0.2125 0.0671875 0.06666666666666667
38 0.5015625 0.30833333333333335 0.05 0.14166666666666666
38 0.40546875000000004 0.4125 0.0484375 0.14583333333333334
26 0.30781250000000004 0.4270833333333333 0.040625 0.11666666666666667
