0 0.58125 0.5 0.15625 0.175
1 0.53515625 0.25416666666666665 0.1421875 0.21666666666666667
2 0.34453125 0.4270833333333333 0.1046875 0.17916666666666667
2 0.59140625 0.45208333333333334 0.20468750000000002 0.16666666666666666
2 0.7195312500000001 0.2677083333333333 0.1796875 0.13958333333333334
3 0.7109375 0.3229166666666667 0.125 0.12916666666666665
4 0.48046875 0.39166666666666666 0.0921875 0.12916666666666665
45 0.35078125000000004 0.1875 0.11406250000000001 0.2916666666666667
12 0.39375000000000004 0.61875 0.309375 0.2125
14 0.3765625 0.4739583333333333 0.084375 0.14791666666666667
