1 0.34296875000000004 0.2715277777777778 0.09062500000000001 0.17916666666666667
23 0.5484375 0.36736111111111114 0.17500000000000002 0.08472222222222223
37 0.46132812500000003 0.25 0.06953125 0.16666666666666669
47 0.571484375 0.27361111111111114 0.13359375 0.17777777777777778
34 0.56484375 0.45555555555555555 0.184375 0.10277777777777779
21 0.534375 0.5263888888888889 0.0890625 0.16111111111111112
20 0.35703125 0.5256944444444445 0.0421875 0.12361111111111112
17 0.4265625 0.36388888888888893 0.0546875 0.20833333333333334
14 0.487109375 0.6118055555555556 0.07890625000000001 0.10972222222222222
3 0.35781250000000003 0.4027777777777778 0.1015625 0.1527777777777778
2 0.291796875 0.4847222222222222 0.032031250000000004 0.20833333333333334
36 0.40937500000000004 0.6423611111111112 0.0890625 0.30694444444444446
