38 0.36875 0.43645833333333334 0.043750000000000004 0.15208333333333332
16 0.39375000000000004 0.471875 0.06875 0.16041666666666665
16 0.5703125 0.4114583333333333 0.05625 0.11458333333333333
12 0.6078125000000001 0.5052083333333334 0.20625000000000002 0.10625
12 0.5984375000000001 0.5885416666666666 0.059375000000000004 0.13125
10 0.4546875 0.5927083333333333 0.1125 0.09791666666666667
2 0.290625 0.5822916666666667 0.096875 0.08125
2 0.33359375 0.603125 0.13593750000000002 0.10208333333333333
2 0.3609375 0.35 0.146875 0.03333333333333333
2 0.46484375 0.465625 0.029687500000000002 0.07291666666666667
