21 0.5671875000000001 0.2625 0.084375 0.09583333333333333
21 0.5734375 0.35 0.08125 0.09583333333333333
21 0.57578125 0.4510416666666667 0.09531250000000001 0.11875
37 0.6429687500000001 0.4239583333333333 0.0578125 0.20208333333333334
37 0.35625 0.48125 0.07187500000000001 0.23333333333333334
43 0.384375 0.3729166666666667 0.0625 0.24166666666666667
41 0.4578125 0.3697916666666667 0.0625 0.18125
26 0.57734375 0.5145833333333333 0.060937500000000006 0.15416666666666667
3 0.46796875000000004 0.4739583333333333 0.09843750000000001 0.07291666666666667
3 0.46718750000000003 0.5427083333333333 0.1 0.07291666666666667
