23 0.13072916666666667 0.5009191176470588 0.13645833333333332 0.3363970588235294
23 0.6296875 0.328125 0.08854166666666667 0.3584558823529412
0 0.3260416666666667 0.8235294117647058 0.12708333333333333 0.26838235294117646
0 0.5572916666666666 0.6038602941176471 0.16458333333333333 0.2922794117647059
16 0.4614583333333333 0.1994485294117647 0.07083333333333333 0.22977941176470587
22 0.46197916666666666 0.7702205882352942 0.153125 0.26838235294117646
14 0.5739583333333333 0.328125 0.03958333333333333 0.13419117647058823
10 0.234375 0.39797794117647056 0.08125 0.18566176470588236
10 0.34479166666666666 0.3400735294117647 0.07708333333333334 0.16911764705882354
7 0.42552083333333335 0.42003676470588236 0.065625 0.10845588235294118
45 0.3802083333333333 0.5431985294117647 0.21875 0.13419117647058823
38 0.2125 0.6222426470588235 0.10833333333333334 0.2261029411764706
