39 0.478125 0.21145833333333333 0.065625 0.2604166666666667
31 0.6515625 0.303125 0.078125 0.23958333333333334
19 0.41484375 0.3375 0.18281250000000002 0.17916666666666667
19 0.6156250000000001 0.31875 0.18125000000000002 0.14166666666666666
18 0.675 0.5604166666666667 0.184375 0.2708333333333333
4 0.534375 0.2552083333333333 0.053125000000000006 0.08958333333333333
10 0.32109375 0.353125 0.0703125 0.08958333333333333
10 0.37734375000000003 0.5989583333333334 0.1171875 0.11458333333333333
47 0.5632812500000001 0.6 0.08281250000000001 0.2791666666666667
27 0.3375 0.434375 0.12187500000000001 0.09375
28 0.7429687500000001 0.3677083333333333 0.08281250000000001 0.18541666666666667
