9 0.1703125 0.3989583333333333 0.209375 0.11458333333333333
9 0.42109375000000004 0.31875 0.1765625 0.125
16 0.3671875 0.178125 0.07500000000000001 0.15208333333333332
12 0.15937500000000002 0.259375 0.27187500000000003 0.13125
34 0.8109375000000001 0.340625 0.146875 0.40208333333333335
33 0.45078125 0.1125 0.06406250000000001 0.16666666666666666
7 0.21953125 0.525 0.1046875 0.12083333333333333
27 0.5640625 0.6375 0.11875000000000001 0.2708333333333333
29 0.32578125 0.7072916666666667 0.1234375 0.23958333333333334
26 0.57578125 0.26145833333333335 0.0859375 0.19375
