3 0.32890625 0.521875 0.0890625 0.10625
3 0.27109375 0.5385416666666667 0.15156250000000002 0.19375
3 0.39687500000000003 0.5979166666666667 0.1625 0.20416666666666666
35 0.6296875000000001 0.35625 0.1125 0.37916666666666665
28 0.41640625000000003 0.3854166666666667 0.0859375 0.25
28 0.52109375 0.6 0.1265625 0.2625
28 0.5359375000000001 0.23958333333333334 0.06875 0.23333333333333334
43 0.26484375 0.2604166666666667 0.11406250000000001 0.375
43 0.38671875 0.16979166666666667 0.07968750000000001 0.33958333333333335
48 0.48359375000000004 0.3572916666666667 0.09843750000000001 0.24375
