0 0.4703125 0.609375 0.140625 0.18541666666666667
0 0.6265625 0.38645833333333335 0.1 0.10625
14 0.74609375 0.53125 0.0578125 0.0625
2 0.54296875 0.5125 0.0703125 0.08333333333333333
2 0.5945312500000001 0.5729166666666666 0.11093750000000001 0.08333333333333333
12 0.509375 0.39479166666666665 0.078125 0.16458333333333333
29 0.75703125 0.6010416666666667 0.0765625 0.12291666666666666
26 0.659375 0.6166666666666667 0.078125 0.1375
20 0.6875 0.465625 0.046875 0.08958333333333333
35 0.77890625 0.7614583333333333 0.13593750000000002 0.25625
44 0.76171875 0.396875 0.0890625 0.20625
