1 0.290234375 0.5590277777777778 0.14296875 0.26805555555555555
23 0.543359375 0.41458333333333336 0.13046875 0.2791666666666667
37 0.377734375 0.4236111111111111 0.18046875 0.17222222222222222
47 0.487109375 0.2916666666666667 0.05859375 0.15833333333333333
21 0.68125 0.4666666666666667 0.0859375 0.17500000000000002
20 0.55859375 0.7111111111111111 0.0625 0.20277777777777778
17 0.48476562500000003 0.4881944444444445 0.08203125 0.28750000000000003
14 0.706640625 0.58125 0.07421875 0.14583333333333334
3 0.365234375 0.6909722222222222 0.13671875 0.24305555555555555
2 0.43046875 0.8409722222222222 0.23593750000000002 0.12361111111111112
36 0.6746093750000001 0.6902777777777778 0.22109375 0.325
34 0.6097656250000001 0.4305555555555556 0.11328125 0.23611111111111113
