1 0.4890625 0.23472222222222222 0.09843750000000001 0.23055555555555557
23 0.49648437500000003 0.6236111111111111 0.19765625 0.4
37 0.595703125 0.3666666666666667 0.16171875000000002 0.22777777777777777
47 0.655859375 0.6062500000000001 0.28828125 0.27361111111111114
21 0.296875 0.6736111111111112 0.13125 0.23333333333333334
20 0.26601562500000003 0.4152777777777778 0.07265625 0.13055555555555556
17 0.39960937500000004 0.375 0.09140625000000001 0.2777777777777778
14 0.216796875 0.6715277777777778 0.07109375 0.1513888888888889
3 0.36250000000000004 0.2548611111111111 0.059375000000000004 0.17916666666666667
2 0.29375 0.3590277777777778 0.09375 0.10972222222222222
36 0.21328125 0.5625 0.278125 0.2
34 0.39882812500000003 0.6923611111111111 0.16171875000000002 0.3736111111111111
