23 0.3776041666666667 0.1636029411764706 0.08020833333333333 0.3235294117647059
23 0.5088541666666666 0.7242647058823529 0.08854166666666667 0.3382352941176471
0 0.259375 0.4485294117647059 0.12083333333333333 0.1801470588235294
0 0.36614583333333334 0.6985294117647058 0.140625 0.3051470588235294
16 0.6348958333333333 0.5036764705882353 0.084375 0.21691176470588236
22 0.26927083333333335 0.5873161764705882 0.11562499999999999 0.2555147058823529
14 0.5869791666666666 0.7555147058823529 0.09270833333333334 0.14338235294117646
10 0.484375 0.2610294117647059 0.05625 0.15808823529411764
10 0.5526041666666667 0.3961397058823529 0.08854166666666667 0.10477941176470588
7 0.49635416666666665 0.5064338235294118 0.05520833333333333 0.10110294117647059
45 0.41302083333333334 0.4770220588235294 0.059375 0.31066176470588236
38 0.34322916666666664 0.2711397058823529 0.059375 0.2077205882352941
