23 0.34791666666666665 0.1957720588235294 0.08541666666666667 0.37316176470588236
23 0.4588541666666667 0.7610294117647058 0.11145833333333333 0.4742647058823529
0 0.29583333333333334 0.7490808823529411 0.16666666666666666 0.37683823529411764
0 0.20208333333333334 0.4834558823529412 0.15 0.1838235294117647
16 0.6270833333333333 0.5560661764705882 0.09583333333333333 0.2665441176470588
22 0.19114583333333332 0.6167279411764706 0.15729166666666666 0.2922794117647059
14 0.5614583333333333 0.8299632352941176 0.11666666666666667 0.18198529411764705
10 0.46249999999999997 0.3125 0.06666666666666667 0.1801470588235294
10 0.5359375 0.45496323529411764 0.103125 0.12316176470588235
45 0.3697916666666667 0.53125 0.08333333333333333 0.31985294117647056
38 0.30416666666666664 0.30606617647058826 0.07083333333333333 0.24816176470588236
