1 0.455859375 0.35208333333333336 0.09765625 0.19583333333333333
23 0.453125 0.18055555555555555 0.12187500000000001 0.16111111111111112
37 0.373046875 0.29791666666666666 0.12109375 0.1513888888888889
47 0.36562500000000003 0.19236111111111112 0.15625 0.13472222222222222
34 0.47109375000000003 0.14097222222222222 0.046875 0.12638888888888888
21 0.5390625 0.1375 0.059375000000000004 0.11944444444444445
20 0.6046875 0.23958333333333334 0.035937500000000004 0.09861111111111112
17 0.501953125 0.20555555555555557 0.049218750000000006 0.17777777777777778
14 0.5906250000000001 0.1486111111111111 0.0625 0.08333333333333334
3 0.556640625 0.31736111111111115 0.05390625 0.1486111111111111
2 0.594140625 0.36597222222222225 0.08671875000000001 0.11805555555555557
36 0.6171875 0.20347222222222222 0.1390625 0.1125
