10 0.5867187500000001 0.596875 0.0734375 0.12291666666666666
10 0.571875 0.684375 0.065625 0.10208333333333333
10 0.45234375000000004 0.3416666666666667 0.06406250000000001 0.09166666666666666
28 0.6421875 0.48854166666666665 0.0625 0.17291666666666666
28 0.57578125 0.5302083333333333 0.1078125 0.13958333333333334
28 0.49765625 0.5291666666666667 0.0578125 0.175
44 0.45078125 0.4427083333333333 0.1765625 0.09375
44 0.32265625000000003 0.48020833333333335 0.0765625 0.24375
12 0.49531250000000004 0.365625 0.16875 0.06458333333333333
12 0.5578125 0.4302083333333333 0.12812500000000002 0.08125
