20 0.6598958333333333 0.8106617647058824 0.065625 0.19117647058823528
10 0.3598958333333333 0.4384191176470588 0.06354166666666666 0.1636029411764706
10 0.5109375 0.3648897058823529 0.09270833333333334 0.14522058823529413
21 0.4432291666666667 0.8492647058823529 0.13020833333333334 0.2463235294117647
0 0.3203125 0.5790441176470588 0.17604166666666665 0.27941176470588236
1 0.47031249999999997 0.4485294117647059 0.10729166666666666 0.23529411764705882
16 0.6390625 0.3786764705882353 0.065625 0.2389705882352941
7 0.5869791666666666 0.53125 0.06145833333333333 0.12867647058823528
32 0.5317708333333333 0.6139705882352942 0.08229166666666667 0.23161764705882354
29 0.2630208333333333 0.7545955882352942 0.090625 0.2261029411764706
14 0.7270833333333333 0.5762867647058824 0.09166666666666666 0.15625
