1 0.5328125 0.29583333333333334 0.1015625 0.21944444444444444
23 0.353125 0.6569444444444444 0.1234375 0.41944444444444445
37 0.566796875 0.48750000000000004 0.20234375000000002 0.17222222222222222
47 0.5085937500000001 0.7458333333333333 0.2015625 0.4305555555555556
21 0.19101562500000002 0.5722222222222223 0.11171875 0.225
20 0.29453125 0.34652777777777777 0.0546875 0.14305555555555557
17 0.384375 0.375 0.0921875 0.26666666666666666
14 0.15781250000000002 0.47708333333333336 0.040625 0.10138888888888889
3 0.42578125 0.25277777777777777 0.08125 0.18888888888888888
2 0.32890625 0.32708333333333334 0.06406250000000001 0.06527777777777778
36 0.2078125 0.4041666666666667 0.19062500000000002 0.15
34 0.280078125 0.6416666666666667 0.10859375 0.4166666666666667
