39 0.4 0.4708333333333333 0.08125 0.2625
31 0.42421875000000003 0.278125 0.0671875 0.22708333333333333
19 0.49140625000000004 0.621875 0.19843750000000002 0.23541666666666666
19 0.36171875000000003 0.40729166666666666 0.18906250000000002 0.12708333333333333
18 0.5796875 0.2833333333333333 0.16562500000000002 0.20416666666666666
4 0.33671875 0.509375 0.0734375 0.11041666666666666
10 0.7375 0.4864583333333333 0.096875 0.13541666666666666
10 0.57421875 0.7052083333333333 0.11093750000000001 0.16458333333333333
47 0.7171875000000001 0.22708333333333333 0.09375 0.26666666666666666
27 0.64375 0.5979166666666667 0.1125 0.17083333333333334
