23 0.11979166666666667 0.5330882352941176 0.1625 0.4742647058823529
23 0.6317708333333333 0.22426470588235295 0.084375 0.3529411764705882
0 0.3854166666666667 0.8299632352941176 0.15625 0.3363970588235294
0 0.6010416666666667 0.5 0.16666666666666666 0.25735294117647056
16 0.4276041666666667 0.24816176470588236 0.07395833333333333 0.23529411764705882
22 0.5348958333333333 0.7040441176470588 0.19479166666666667 0.29044117647058826
14 0.5625 0.328125 0.05625 0.13419117647058823
10 0.3177083333333333 0.41360294117647056 0.07083333333333333 0.16176470588235295
10 0.20416666666666666 0.44485294117647056 0.075 0.1801470588235294
7 0.42083333333333334 0.43566176470588236 0.07083333333333333 0.08823529411764705
45 0.3890625 0.5496323529411765 0.25104166666666666 0.1801470588235294
38 0.21875 0.6516544117647058 0.12083333333333333 0.30330882352941174
