23 0.23124999999999998 0.6663602941176471 0.17083333333333334 0.48713235294117646
23 0.5526041666666667 0.20680147058823528 0.07395833333333333 0.38786764705882354
0 0.5390625 0.7840073529411764 0.19479166666666667 0.3180147058823529
0 0.6046875 0.3988970588235294 0.10104166666666667 0.21691176470588236
16 0.3442708333333333 0.29503676470588236 0.08229166666666667 0.23345588235294118
22 0.6192708333333333 0.5790441176470588 0.18229166666666666 0.22426470588235295
14 0.4869791666666667 0.3005514705882353 0.07395833333333333 0.11580882352941177
10 0.29375 0.49816176470588236 0.08333333333333333 0.17279411764705882
7 0.40260416666666665 0.46599264705882354 0.06770833333333333 0.10845588235294118
45 0.4458333333333333 0.5487132352941176 0.17916666666666667 0.24448529411764705
38 0.34375 0.7325367647058824 0.10208333333333333 0.3180147058823529
