1 0.48359375000000004 0.2701388888888889 0.08750000000000001 0.20694444444444446
23 0.37148437500000003 0.5625 0.06640625 0.33333333333333337
37 0.513671875 0.41944444444444445 0.18203125 0.11388888888888889
47 0.47578125000000004 0.625 0.153125 0.3055555555555556
34 0.291796875 0.5833333333333334 0.08828125 0.3277777777777778
21 0.23359375000000002 0.5486111111111112 0.08750000000000001 0.15833333333333333
20 0.2921875 0.3277777777777778 0.043750000000000004 0.12222222222222223
17 0.36484375 0.3541666666666667 0.065625 0.18333333333333335
14 0.209375 0.47222222222222227 0.059375000000000004 0.09722222222222222
3 0.37031250000000004 0.29791666666666666 0.0546875 0.1486111111111111
2 0.3515625 0.2798611111111111 0.134375 0.08472222222222223
36 0.22617187500000002 0.4027777777777778 0.16328125000000002 0.1527777777777778
