31 0.32265625000000003 0.43645833333333334 0.0703125 0.21458333333333332
31 0.503125 0.4166666666666667 0.043750000000000004 0.17083333333333334
10 0.61484375 0.5291666666666667 0.11406250000000001 0.14166666666666666
10 0.6140625000000001 0.615625 0.07500000000000001 0.11041666666666666
10 0.61328125 0.6697916666666667 0.11093750000000001 0.11041666666666666
45 0.5375 0.5260416666666666 0.07187500000000001 0.23958333333333334
22 0.403125 0.6802083333333333 0.16562500000000002 0.15208333333333332
44 0.4 0.49583333333333335 0.084375 0.18333333333333332
48 0.46953125 0.46979166666666666 0.0671875 0.2604166666666667
48 0.4390625 0.31145833333333334 0.053125000000000006 0.23124999999999998
