28 0.4161458333333333 0.09650735294117647 0.07395833333333333 0.19301470588235295
16 0.640625 0.4411764705882353 0.09791666666666667 0.3272058823529412
14 0.5234375 0.75 0.146875 0.20220588235294118
7 0.48593749999999997 0.4411764705882353 0.06354166666666666 0.12867647058823528
2 0.5354166666666667 0.24448529411764705 0.12083333333333333 0.16176470588235295
2 0.6588541666666666 0.4016544117647059 0.22395833333333334 0.07169117647058823
2 0.6109375 0.6755514705882353 0.234375 0.15992647058823528
33 0.6354166666666666 0.19852941176470587 0.07916666666666666 0.21323529411764705
32 0.4401041666666667 0.5505514705882353 0.11145833333333333 0.2775735294117647
43 0.4895833333333333 0.203125 0.21458333333333332 0.2077205882352941
38 0.2583333333333333 0.3005514705882353 0.08125 0.1525735294117647
44 0.2171875 0.43933823529411764 0.25729166666666664 0.1323529411764706
46 0.22708333333333333 0.7113970588235294 0.25416666666666665 0.5294117647058824
42 0.15208333333333332 0.40900735294117646 0.17083333333333334 0.4834558823529412
