25 0.49062500000000003 0.19583333333333333 0.1953125 0.25
21 0.44296875 0.7270833333333334 0.1171875 0.22083333333333335
39 0.51015625 0.4534722222222222 0.2109375 0.12638888888888888
16 0.34921875 0.4 0.09062500000000001 0.20833333333333334
19 0.6531250000000001 0.7006944444444445 0.23593750000000002 0.2986111111111111
4 0.296875 0.5520833333333334 0.0890625 0.15416666666666667
20 0.261328125 0.41875 0.057031250000000006 0.14583333333333334
3 0.653515625 0.3680555555555556 0.08828125 0.15555555555555556
2 0.58359375 0.41597222222222224 0.171875 0.09861111111111112
42 0.49296875 0.42638888888888893 0.0703125 0.37222222222222223
