28 0.640625 0.46599264705882354 0.08958333333333333 0.2959558823529412
16 0.20052083333333334 0.6875 0.12395833333333334 0.3014705882352941
14 0.11875 0.5569852941176471 0.0875 0.17279411764705882
7 0.34375 0.5579044117647058 0.07916666666666666 0.11948529411764705
2 0.15260416666666665 0.6902573529411765 0.190625 0.25183823529411764
2 0.321875 0.8327205882352942 0.08333333333333333 0.33088235294117646
2 0.565625 0.7398897058823529 0.15208333333333332 0.2775735294117647
33 0.421875 0.7775735294117647 0.09791666666666667 0.2647058823529412
32 0.22604166666666667 0.45036764705882354 0.09791666666666667 0.22794117647058823
43 0.5791666666666666 0.6424632352941176 0.13541666666666666 0.41360294117647056
38 0.5354166666666667 0.33547794117647056 0.1375 0.12316176470588235
44 0.43906249999999997 0.3079044117647059 0.11562499999999999 0.2665441176470588
46 0.2520833333333333 0.3832720588235294 0.18333333333333332 0.25919117647058826
42 0.353125 0.17371323529411764 0.07916666666666666 0.3474264705882353
