0 0.45703125 0.4864583333333333 0.09531250000000001 0.09791666666666667
0 0.3015625 0.7385416666666667 0.15000000000000002 0.18125
14 0.59609375 0.5614583333333333 0.07968750000000001 0.07291666666666667
2 0.38828125 0.6229166666666667 0.0578125 0.08333333333333333
2 0.42421875000000003 0.6625 0.08281250000000001 0.09583333333333333
12 0.33671875 0.540625 0.0734375 0.14791666666666667
29 0.5945312500000001 0.5989583333333334 0.0546875 0.09791666666666667
26 0.49765625 0.659375 0.06406250000000001 0.14791666666666667
20 0.51796875 0.525 0.0390625 0.09166666666666666
35 0.60859375 0.715625 0.07968750000000001 0.29375
44 0.5640625 0.4270833333333333 0.065625 0.20416666666666666
