4 0.3328125 0.353125 0.09062500000000001 0.11458333333333333
4 0.18984375 0.5760416666666667 0.1234375 0.16041666666666665
47 0.70859375 0.32395833333333335 0.11093750000000001 0.33541666666666664
47 0.42265625 0.36354166666666665 0.0890625 0.33125
47 0.40937500000000004 0.1875 0.084375 0.3125
11 0.49921875000000004 0.33541666666666664 0.0765625 0.20416666666666666
32 0.47500000000000003 0.6729166666666666 0.08750000000000001 0.20416666666666666
32 0.58203125 0.50625 0.0859375 0.1875
32 0.23046875 0.43854166666666666 0.07968750000000001 0.16875
34 0.30625 0.5604166666666667 0.12812500000000002 0.325
