23 0.16614583333333333 0.5367647058823529 0.13020833333333334 0.40808823529411764
23 0.690625 0.34558823529411764 0.11666666666666667 0.3786764705882353
0 0.38958333333333334 0.8694852941176471 0.12708333333333333 0.25735294117647056
0 0.6317708333333333 0.6277573529411765 0.17604166666666665 0.2959558823529412
16 0.4984375 0.2555147058823529 0.06770833333333333 0.2389705882352941
22 0.540625 0.8207720588235294 0.18541666666666667 0.3069852941176471
14 0.6244791666666667 0.37683823529411764 0.059375 0.13970588235294118
10 0.2598958333333333 0.4466911764705882 0.07604166666666666 0.20588235294117646
10 0.371875 0.39705882352941174 0.07291666666666667 0.17279411764705882
7 0.465625 0.46875 0.07083333333333333 0.09926470588235294
45 0.4239583333333333 0.5919117647058824 0.24583333333333332 0.13970588235294118
38 0.2546875 0.6737132352941176 0.103125 0.2702205882352941
