26 0.6742187500000001 0.40520833333333334 0.07968750000000001 0.18541666666666667
12 0.31093750000000003 0.6989583333333333 0.34687500000000004 0.14791666666666667
29 0.55859375 0.35520833333333335 0.0671875 0.14375
44 0.31093750000000003 0.29791666666666666 0.09062500000000001 0.3125
35 0.81953125 0.2520833333333333 0.09531250000000001 0.3208333333333333
20 0.38203125000000004 0.4354166666666667 0.060937500000000006 0.12916666666666665
0 0.23359375000000002 0.5385416666666667 0.16718750000000002 0.18125
0 0.7976562500000001 0.6208333333333333 0.22031250000000002 0.2375
14 0.465625 0.38229166666666664 0.06875 0.09791666666666667
2 0.55625 0.6145833333333334 0.225 0.09583333333333333
2 0.584375 0.5416666666666666 0.178125 0.1125
