28 0.33177083333333335 0.7527573529411764 0.103125 0.34375
16 0.271875 0.28125 0.0875 0.2426470588235294
14 0.37864583333333335 0.24448529411764705 0.040625 0.11764705882352941
7 0.3765625 0.4375 0.06979166666666667 0.125
2 0.2604166666666667 0.4696691176470588 0.10625 0.05698529411764706
2 0.3541666666666667 0.31525735294117646 0.09791666666666667 0.12316176470588235
33 0.17083333333333334 0.4797794117647059 0.10416666666666667 0.2463235294117647
32 0.425 0.2803308823529412 0.06666666666666667 0.2113970588235294
43 0.26510416666666664 0.7141544117647058 0.315625 0.20036764705882354
38 0.5791666666666666 0.6985294117647058 0.10625 0.29411764705882354
44 0.6171875 0.5349264705882353 0.259375 0.20588235294117646
46 0.5260416666666666 0.3805147058823529 0.13333333333333333 0.20220588235294118
42 0.6291666666666667 0.28400735294117646 0.09166666666666666 0.40625
