35 0.5593750000000001 0.23645833333333333 0.0625 0.27291666666666664
35 0.6578125 0.3541666666666667 0.084375 0.35
45 0.29140625000000003 0.5625 0.1796875 0.18333333333333332
45 0.58203125 0.4583333333333333 0.1015625 0.37916666666666665
37 0.41953125 0.33958333333333335 0.1453125 0.1
37 0.596875 0.25416666666666665 0.06875 0.15
31 0.309375 0.24583333333333332 0.07187500000000001 0.22083333333333333
31 0.26640625 0.39479166666666665 0.09843750000000001 0.3229166666666667
17 0.42421875000000003 0.528125 0.1015625 0.26458333333333334
17 0.33437500000000003 0.390625 0.08125 0.11041666666666666
