39 0.37539062500000003 0.40208333333333335 0.08828125 0.39305555555555555
19 0.45156250000000003 0.3451388888888889 0.1234375 0.15416666666666667
34 0.31093750000000003 0.26944444444444443 0.0921875 0.36944444444444446
3 0.230859375 0.4902777777777778 0.11640625 0.17222222222222222
2 0.3140625 0.5666666666666667 0.060937500000000006 0.22222222222222224
42 0.51796875 0.36388888888888893 0.065625 0.4083333333333333
37 0.478515625 0.7145833333333333 0.09453125000000001 0.3597222222222222
1 0.6058593750000001 0.5611111111111111 0.12265625000000001 0.2833333333333333
25 0.236328125 0.69375 0.25859375 0.4569444444444445
20 0.601171875 0.8784722222222222 0.07109375 0.1902777777777778
