23 0.25 0.7711397058823529 0.17291666666666666 0.4540441176470588
23 0.5385416666666667 0.21415441176470587 0.07708333333333334 0.4025735294117647
0 0.565625 0.8363970588235294 0.20208333333333334 0.3235294117647059
0 0.6010416666666667 0.42922794117647056 0.0875 0.24816176470588236
16 0.31875 0.31985294117647056 0.0875 0.25
22 0.6338541666666666 0.6158088235294118 0.18020833333333333 0.2389705882352941
14 0.46822916666666664 0.3069852941176471 0.08229166666666667 0.1213235294117647
10 0.2671875 0.5422794117647058 0.121875 0.17279411764705882
7 0.3953125 0.5073529411764706 0.07395833333333333 0.1213235294117647
45 0.4421875 0.5928308823529411 0.18020833333333333 0.2665441176470588
38 0.365625 0.8272058823529411 0.1 0.3125
