1 0.5078125 0.7527777777777778 0.12812500000000002 0.3055555555555556
23 0.389453125 0.38333333333333336 0.18515625000000002 0.24444444444444446
37 0.3515625 0.6756944444444445 0.13593750000000002 0.3402777777777778
47 0.263671875 0.4590277777777778 0.13828125 0.3680555555555556
34 0.6511718750000001 0.20902777777777778 0.06328125 0.37083333333333335
21 0.49726562500000004 0.22361111111111112 0.08046875 0.16111111111111112
20 0.6433593750000001 0.40694444444444444 0.047656250000000004 0.1527777777777778
17 0.5105468750000001 0.43125 0.07421875 0.24861111111111112
14 0.573828125 0.2777777777777778 0.06171875 0.16111111111111112
3 0.6316406250000001 0.5652777777777778 0.10859375 0.17500000000000002
2 0.55703125 0.5361111111111111 0.0859375 0.14166666666666666
36 0.434375 0.3090277777777778 0.1546875 0.15972222222222224
