23 0.36367187500000003 0.43472222222222223 0.21015625000000002 0.18611111111111112
47 0.246875 0.5340277777777778 0.2703125 0.16527777777777777
37 0.349609375 0.6909722222222222 0.14609375 0.3458333333333333
34 0.3953125 0.35625 0.15937500000000002 0.10138888888888889
17 0.508984375 0.40972222222222227 0.08203125 0.25833333333333336
21 0.46601562500000004 0.2826388888888889 0.08671875000000001 0.10138888888888889
36 0.6109375 0.3236111111111111 0.1421875 0.18888888888888888
14 0.5375 0.2902777777777778 0.051562500000000004 0.08888888888888889
20 0.634375 0.38333333333333336 0.051562500000000004 0.13611111111111113
1 0.5546875 0.6881944444444444 0.1484375 0.34305555555555556
3 0.67109375 0.5381944444444444 0.1328125 0.23750000000000002
